geo_accession	age	batch_cov1	batch_cov2	batch_cov3	batch_cov4	batch_cov5	batch_cov6	batch_cov7	batch_cov8	batch_cov9	batch_cov10	batch_cov11	batch_cov12	batch_cov13	batch_cov14	batch_cov15	batch_cov16	site_cov1
GSM2457340	72	0	0	0	0	0	0	1	0	0	0	0	0	0	0	0	0	0
GSM2457341	72	0	0	0	0	0	0	1	0	0	0	0	0	0	0	0	0	1
GSM2457342	76	0	1	0	0	0	0	0	0	0	0	0	0	0	0	0	0	1
GSM2457343	68	0	0	0	1	0	0	0	0	0	0	0	0	0	0	0	0	0
GSM2457344	68	0	0	0	1	0	0	0	0	0	0	0	0	0	0	0	0	1
GSM2457345	52	0	0	0	0	0	0	0	0	0	0	0	0	0	0	0	1	0
GSM2457346	52	0	0	0	0	0	0	0	0	0	0	0	0	0	0	0	1	1
GSM2457347	60	0	1	0	0	0	0	0	0	0	0	0	0	0	0	0	0	0
GSM2457348	60	0	1	0	0	0	0	0	0	0	0	0	0	0	0	0	0	1
GSM2457349	76	0	0	0	0	0	0	1	0	0	0	0	0	0	0	0	0	0
GSM2457350	76	0	0	0	0	0	0	1	0	0	0	0	0	0	0	0	0	1
GSM2457351	59	0	0	0	1	0	0	0	0	0	0	0	0	0	0	0	0	0
GSM2457352	59	0	0	0	1	0	0	0	0	0	0	0	0	0	0	0	0	1
GSM2457353	58	0	0	0	0	0	0	1	0	0	0	0	0	0	0	0	0	0
GSM2457354	58	0	0	0	0	0	0	1	0	0	0	0	0	0	0	0	0	1
GSM2457355	72	0	0	0	0	0	0	1	0	0	0	0	0	0	0	0	0	0
GSM2457356	72	0	0	0	0	0	0	1	0	0	0	0	0	0	0	0	0	1
GSM2457357	63	0	0	0	0	0	0	0	1	0	0	0	0	0	0	0	0	0
GSM2457358	63	0	0	0	0	0	0	0	1	0	0	0	0	0	0	0	0	1
GSM2457359	68.25	0	0	0	0	0	0	0	0	1	0	0	0	0	0	0	0	1
GSM2457360	62	0	0	0	0	0	0	1	0	0	0	0	0	0	0	0	0	0
GSM2457361	62	0	0	0	0	0	0	1	0	0	0	0	0	0	0	0	0	1
GSM2457362	56	0	0	0	0	0	0	1	0	0	0	0	0	0	0	0	0	0
GSM2457363	56	0	0	0	0	0	0	1	0	0	0	0	0	0	0	0	0	1
GSM2457364	69	0	0	0	0	0	0	1	0	0	0	0	0	0	0	0	0	1
GSM2457365	60	0	1	0	0	0	0	0	0	0	0	0	0	0	0	0	0	0
GSM2457366	60	0	1	0	0	0	0	0	0	0	0	0	0	0	0	0	0	1
GSM2457367	65	0	1	0	0	0	0	0	0	0	0	0	0	0	0	0	0	0
GSM2457368	62	0	0	0	0	0	0	1	0	0	0	0	0	0	0	0	0	0
GSM2457369	62	0	0	0	0	0	0	1	0	0	0	0	0	0	0	0	0	1
GSM2457370	56	0	0	0	0	0	0	1	0	0	0	0	0	0	0	0	0	1
GSM2457371	67	0	0	0	0	0	0	1	0	0	0	0	0	0	0	0	0	0
GSM2457372	67	0	0	0	0	0	0	1	0	0	0	0	0	0	0	0	0	1
GSM2457373	59	0	0	0	0	0	0	1	0	0	0	0	0	0	0	0	0	0
GSM2457374	59	0	0	0	0	0	0	1	0	0	0	0	0	0	0	0	0	1
GSM2457375	69	0	0	0	0	0	0	1	0	0	0	0	0	0	0	0	0	0
GSM2457376	69	0	0	0	0	0	0	1	0	0	0	0	0	0	0	0	0	1
GSM2457377	74	0	0	0	0	0	0	0	0	0	1	0	0	0	0	0	0	1
GSM2457378	41.66666667	0	0	0	0	0	0	0	0	0	0	0	0	0	0	0	1	0
GSM2457379	41.66666667	0	0	0	0	0	0	0	0	0	0	0	0	0	0	0	1	1
GSM2457380	67	0	0	0	0	0	0	1	0	0	0	0	0	0	0	0	0	1
GSM2457381	73	0	0	0	0	0	0	1	0	0	0	0	0	0	0	0	0	0
GSM2457382	74.58333333	0	0	0	0	0	0	0	0	1	0	0	0	0	0	0	0	1
GSM2457383	55	0	0	0	0	0	0	0	0	0	0	1	0	0	0	0	0	0
GSM2457384	55	0	0	0	0	0	0	0	0	0	0	1	0	0	0	0	0	1
GSM2457385	75.08333333	0	0	0	0	0	0	0	0	1	0	0	0	0	0	0	0	1
GSM2457386	64	0	0	0	0	0	0	0	0	0	1	0	0	0	0	0	0	1
GSM2457387	65	0	1	0	0	0	0	0	0	0	0	0	0	0	0	0	0	1
GSM2457388	78	0	0	0	0	0	0	1	0	0	0	0	0	0	0	0	0	0
GSM2457389	67	0	0	0	0	0	0	1	0	0	0	0	0	0	0	0	0	0
GSM2457390	56.16666667	0	0	0	0	0	0	0	0	1	0	0	0	0	0	0	0	1
GSM2457391	70	0	0	0	0	0	0	1	0	0	0	0	0	0	0	0	0	1
GSM2457392	61	0	0	0	1	0	0	0	0	0	0	0	0	0	0	0	0	0
GSM2457393	61	0	0	0	1	0	0	0	0	0	0	0	0	0	0	0	0	1
GSM2457394	73	0	0	0	0	0	0	1	0	0	0	0	0	0	0	0	0	0
GSM2457395	73	0	1	0	0	0	0	0	0	0	0	0	0	0	0	0	0	1
GSM2457396	60	0	0	0	1	0	0	0	0	0	0	0	0	0	0	0	0	0
GSM2457397	60	0	0	0	1	0	0	0	0	0	0	0	0	0	0	0	0	1
GSM2457398	64	0	0	0	1	0	0	0	0	0	0	0	0	0	0	0	0	0
GSM2457399	64	0	0	0	1	0	0	0	0	0	0	0	0	0	0	0	0	1
GSM2457400	62	0	1	0	0	0	0	0	0	0	0	0	0	0	0	0	0	0
GSM2457401	62	0	1	0	0	0	0	0	0	0	0	0	0	0	0	0	0	1
GSM2457402	68.08333333	0	0	0	0	0	0	0	0	1	0	0	0	0	0	0	0	1
GSM2457403	72	0	0	0	0	0	0	1	0	0	0	0	0	0	0	0	0	0
GSM2457404	72	0	0	0	0	0	0	1	0	0	0	0	0	0	0	0	0	1
GSM2457405	67	0	0	0	0	0	0	0	0	1	0	0	0	0	0	0	0	1
GSM2457406	66	0	0	0	1	0	0	0	0	0	0	0	0	0	0	0	0	0
GSM2457407	66	0	0	0	1	0	0	0	0	0	0	0	0	0	0	0	0	1
GSM2457408	72	0	0	0	0	0	0	1	0	0	0	0	0	0	0	0	0	0
GSM2457409	72	0	0	0	0	0	0	1	0	0	0	0	0	0	0	0	0	1
GSM2457410	66	0	0	0	1	0	0	0	0	0	0	0	0	0	0	0	0	0
GSM2457411	66	0	0	0	1	0	0	0	0	0	0	0	0	0	0	0	0	1
GSM2457412	52.16666667	0	0	0	0	0	0	0	0	0	0	0	0	0	0	0	1	0
GSM2457413	52.16666667	0	0	0	0	0	0	0	0	0	0	0	0	0	0	0	1	1
GSM2457414	61	0	0	0	0	1	0	0	0	0	0	0	0	0	0	0	0	0
GSM2457415	64	0	0	0	0	0	1	0	0	0	0	0	0	0	0	0	0	0
GSM2457416	64	0	0	0	0	0	1	0	0	0	0	0	0	0	0	0	0	1
GSM2457417	72	0	0	0	0	0	0	1	0	0	0	0	0	0	0	0	0	0
GSM2457418	72	0	0	0	0	0	0	1	0	0	0	0	0	0	0	0	0	1
GSM2457419	71	0	0	0	0	0	0	0	0	1	0	0	0	0	0	0	0	1
GSM2457420	74	0	0	0	0	0	0	0	0	0	1	0	0	0	0	0	0	1
GSM2457421	67	0	0	0	1	0	0	0	0	0	0	0	0	0	0	0	0	0
GSM2457422	67	0	0	0	1	0	0	0	0	0	0	0	0	0	0	0	0	1
GSM2457423	65.91666667	0	0	0	0	0	0	0	0	1	0	0	0	0	0	0	0	1
GSM2457424	57	0	1	0	0	0	0	0	0	0	0	0	0	0	0	0	0	1
GSM2457425	61	0	1	0	0	0	0	0	0	0	0	0	0	0	0	0	0	0
GSM2457426	61	0	1	0	0	0	0	0	0	0	0	0	0	0	0	0	0	1
GSM2457427	74	0	1	0	0	0	0	0	0	0	0	0	0	0	0	0	0	1
GSM2457428	71	0	0	1	0	0	0	0	0	0	0	0	0	0	0	0	0	1
GSM2457429	69	0	0	0	0	0	0	0	0	0	1	0	0	0	0	0	0	0
GSM2457430	74.08333333	0	0	0	0	0	0	0	0	1	0	0	0	0	0	0	0	1
GSM2457431	69.33333333	0	0	0	0	0	0	0	0	1	0	0	0	0	0	0	0	1
GSM2457432	70	0	1	0	0	0	0	0	0	0	0	0	0	0	0	0	0	1
GSM2457433	64	0	0	0	1	0	0	0	0	0	0	0	0	0	0	0	0	0
GSM2457434	64	0	0	0	1	0	0	0	0	0	0	0	0	0	0	0	0	1
GSM2457435	70	0	1	0	0	0	0	0	0	0	0	0	0	0	0	0	0	0
GSM2457436	70	0	1	0	0	0	0	0	0	0	0	0	0	0	0	0	0	1
GSM2457437	59	0	0	0	0	0	0	0	0	0	1	0	0	0	0	0	0	0
GSM2457438	59	0	0	0	0	0	0	0	0	0	1	0	0	0	0	0	0	1
GSM2457439	53	0	0	0	0	0	0	0	0	0	1	0	0	0	0	0	0	1
GSM2457440	68	0	0	0	0	0	0	0	0	0	1	0	0	0	0	0	0	0
GSM2457441	68	0	0	0	0	0	0	0	0	0	1	0	0	0	0	0	0	1
GSM2457442	71	0	0	0	0	0	0	0	0	0	1	0	0	0	0	0	0	0
GSM2457443	66.58333333	0	0	0	0	0	0	0	0	1	0	0	0	0	0	0	0	1
GSM2457444	68	0	1	0	0	0	0	0	0	0	0	0	0	0	0	0	0	0
GSM2457445	70	0	1	0	0	0	0	0	0	0	0	0	0	0	0	0	0	0
GSM2457446	70	0	1	0	0	0	0	0	0	0	0	0	0	0	0	0	0	1
GSM2457447	44	0	0	0	0	0	0	0	0	1	0	0	0	0	0	0	0	1
GSM2457448	69	0	0	0	1	0	0	0	0	0	0	0	0	0	0	0	0	0
GSM2457449	69	0	0	0	1	0	0	0	0	0	0	0	0	0	0	0	0	1
GSM2457450	67	0	1	0	0	0	0	0	0	0	0	0	0	0	0	0	0	1
GSM2457451	66	0	0	1	0	0	0	0	0	0	0	0	0	0	0	0	0	0
GSM2457452	66	0	1	0	0	0	0	0	0	0	0	0	0	0	0	0	0	1
GSM2457453	62	0	0	0	0	0	1	0	0	0	0	0	0	0	0	0	0	0
GSM2457454	62	0	1	0	0	0	0	0	0	0	0	0	0	0	0	0	0	1
GSM2457455	64	0	0	0	1	0	0	0	0	0	0	0	0	0	0	0	0	0
GSM2457456	64	0	0	0	1	0	0	0	0	0	0	0	0	0	0	0	0	1
GSM2457457	61	0	1	0	0	0	0	0	0	0	0	0	0	0	0	0	0	1
GSM2457458	71	0	1	0	0	0	0	0	0	0	0	0	0	0	0	0	0	0
GSM2457459	71	0	1	0	0	0	0	0	0	0	0	0	0	0	0	0	0	1
GSM2457460	53.83333333	0	0	0	0	0	0	0	0	1	0	0	0	0	0	0	0	1
GSM2457461	68	0	0	0	1	0	0	0	0	0	0	0	0	0	0	0	0	0
GSM2457462	77	0	0	0	0	1	0	0	0	0	0	0	0	0	0	0	0	0
GSM2457463	74	0	0	0	0	0	0	0	0	0	1	0	0	0	0	0	0	1
GSM2457464	71	0	1	0	0	0	0	0	0	0	0	0	0	0	0	0	0	0
GSM2457465	71	0	1	0	0	0	0	0	0	0	0	0	0	0	0	0	0	1
GSM2457466	53.66666667	0	0	0	0	0	0	0	0	1	0	0	0	0	0	0	0	1
GSM2457467	48.58333333	0	0	0	0	0	0	0	0	0	0	0	0	0	0	0	1	0
GSM2457468	48.58333333	0	0	0	0	0	0	0	0	0	0	0	0	0	0	0	1	1
GSM2457469	65	0	0	0	1	0	0	0	0	0	0	0	0	0	0	0	0	1
GSM2457470	70	0	1	0	0	0	0	0	0	0	0	0	0	0	0	0	0	1
GSM2457471	70	0	0	0	1	0	0	0	0	0	0	0	0	0	0	0	0	0
GSM2457472	70	0	0	0	1	0	0	0	0	0	0	0	0	0	0	0	0	1
GSM2457473	60	0	1	0	0	0	0	0	0	0	0	0	0	0	0	0	0	0
GSM2457474	60	0	1	0	0	0	0	0	0	0	0	0	0	0	0	0	0	1
GSM2457475	66.5	0	0	0	0	0	0	0	0	1	0	0	0	0	0	0	0	1
GSM2457476	59.16666667	0	0	0	0	0	0	0	0	1	0	0	0	0	0	0	0	1
GSM2457477	56.83333333	0	0	0	0	0	0	0	0	1	0	0	0	0	0	0	0	1
GSM2457478	65	0	1	0	0	0	0	0	0	0	0	0	0	0	0	0	0	0
GSM2457479	65	0	1	0	0	0	0	0	0	0	0	0	0	0	0	0	0	1
GSM2457480	68.75	0	0	0	0	0	0	0	0	1	0	0	0	0	0	0	0	1
GSM2457481	59	0	0	0	0	0	1	0	0	0	0	0	0	0	0	0	0	1
GSM2457482	78	0	1	0	0	0	0	0	0	0	0	0	0	0	0	0	0	0
GSM2457483	56	0	1	0	0	0	0	0	0	0	0	0	0	0	0	0	0	0
GSM2457484	56	0	1	0	0	0	0	0	0	0	0	0	0	0	0	0	0	1
GSM2457485	74	0	1	0	0	0	0	0	0	0	0	0	0	0	0	0	0	0
GSM2457486	74	0	1	0	0	0	0	0	0	0	0	0	0	0	0	0	0	1
GSM2457487	72	0	1	0	0	0	0	0	0	0	0	0	0	0	0	0	0	1
GSM2457488	67	0	0	0	1	0	0	0	0	0	0	0	0	0	0	0	0	0
GSM2457489	67	0	0	0	1	0	0	0	0	0	0	0	0	0	0	0	0	1
GSM2457490	60	0	0	0	0	0	0	1	0	0	0	0	0	0	0	0	0	1
GSM2457491	58	0	0	0	0	0	0	1	0	0	0	0	0	0	0	0	0	0
GSM2457492	58	0	0	0	0	0	0	1	0	0	0	0	0	0	0	0	0	1
GSM2457493	62	0	0	0	0	0	1	0	0	0	0	0	0	0	0	0	0	0
GSM2457494	62	0	0	0	0	0	1	0	0	0	0	0	0	0	0	0	0	1
GSM2457495	61	1	0	0	0	0	0	0	0	0	0	0	0	0	0	0	0	0
GSM2457496	61	1	0	0	0	0	0	0	0	0	0	0	0	0	0	0	0	1
GSM2457497	67	0	0	0	0	0	0	0	0	0	0	0	0	0	0	0	0	0
GSM2457498	67	0	0	0	0	0	0	0	0	0	0	0	0	0	0	0	0	1
GSM2457499	60	1	0	0	0	0	0	0	0	0	0	0	0	0	0	0	0	0
GSM2457500	60	1	0	0	0	0	0	0	0	0	0	0	0	0	0	0	0	1
GSM2457501	67	0	0	0	0	0	1	0	0	0	0	0	0	0	0	0	0	0
GSM2457502	70	1	0	0	0	0	0	0	0	0	0	0	0	0	0	0	0	1
GSM2457503	56	0	0	0	0	0	1	0	0	0	0	0	0	0	0	0	0	1
GSM2457504	81	0	0	0	0	0	1	0	0	0	0	0	0	0	0	0	0	0
GSM2457505	81	0	0	0	0	0	1	0	0	0	0	0	0	0	0	0	0	1
GSM2457506	61	0	0	0	1	0	0	0	0	0	0	0	0	0	0	0	0	1
GSM2457507	66.08333333	0	0	0	0	0	0	0	0	1	0	0	0	0	0	0	0	1
GSM2457508	65	0	0	0	1	0	0	0	0	0	0	0	0	0	0	0	0	0
GSM2457509	65	0	0	0	1	0	0	0	0	0	0	0	0	0	0	0	0	1
GSM2457510	72	0	0	0	1	0	0	0	0	0	0	0	0	0	0	0	0	0
GSM2457511	72	0	0	0	1	0	0	0	0	0	0	0	0	0	0	0	0	1
GSM2457512	65	0	0	0	0	0	0	0	0	0	0	1	0	0	0	0	0	0
GSM2457513	65	0	0	0	0	0	0	0	0	0	0	1	0	0	0	0	0	1
GSM2457514	73	1	0	0	0	0	0	0	0	0	0	0	0	0	0	0	0	0
GSM2457515	73	1	0	0	0	0	0	0	0	0	0	0	0	0	0	0	0	1
GSM2457516	68	0	0	0	1	0	0	0	0	0	0	0	0	0	0	0	0	0
GSM2457517	68	0	0	0	1	0	0	0	0	0	0	0	0	0	0	0	0	1
GSM2457518	66	1	0	0	0	0	0	0	0	0	0	0	0	0	0	0	0	0
GSM2457519	66	1	0	0	0	0	0	0	0	0	0	0	0	0	0	0	0	1
GSM2457520	71	0	0	0	0	0	0	0	0	0	0	0	0	0	0	0	0	0
GSM2457521	71	0	0	0	0	0	0	0	0	0	0	0	0	0	0	0	0	1
GSM2457522	80	1	0	0	0	0	0	0	0	0	0	0	0	0	0	0	0	0
GSM2457523	80	1	0	0	0	0	0	0	0	0	0	0	0	0	0	0	0	1
GSM2457524	58	1	0	0	0	0	0	0	0	0	0	0	0	0	0	0	0	0
GSM2457525	52	0	0	0	0	0	0	0	0	0	1	0	0	0	0	0	0	0
GSM2457526	52	0	0	0	0	0	0	0	0	0	1	0	0	0	0	0	0	1
GSM2457527	67	1	0	0	0	0	0	0	0	0	0	0	0	0	0	0	0	0
GSM2457528	71	0	0	0	0	0	0	1	0	0	0	0	0	0	0	0	0	0
GSM2457529	71	0	0	0	0	0	0	1	0	0	0	0	0	0	0	0	0	1
GSM2457530	65.25	0	0	0	0	0	0	0	0	1	0	0	0	0	0	0	0	1
GSM2457531	76.66666667	0	0	0	0	0	0	0	0	1	0	0	0	0	0	0	0	1
GSM2457532	60	0	0	0	0	1	0	0	0	0	0	0	0	0	0	0	0	0
GSM2457533	60	0	0	0	0	1	0	0	0	0	0	0	0	0	0	0	0	1
GSM2457534	65.83333333	0	0	0	0	0	0	0	0	1	0	0	0	0	0	0	0	1
GSM2457535	72.58333333	0	0	0	0	0	0	0	0	1	0	0	0	0	0	0	0	1
GSM2457536	63	0	1	0	0	0	0	0	0	0	0	0	0	0	0	0	0	0
GSM2457537	63	0	0	0	1	0	0	0	0	0	0	0	0	0	0	0	0	1
GSM2457538	57	1	0	0	0	0	0	0	0	0	0	0	0	0	0	0	0	0
GSM2457539	57	1	0	0	0	0	0	0	0	0	0	0	0	0	0	0	0	1
GSM2457540	55	0	0	0	1	0	0	0	0	0	0	0	0	0	0	0	0	1
GSM2457541	70.5	0	0	0	0	0	0	0	0	1	0	0	0	0	0	0	0	1
GSM2457542	60	0	0	0	0	0	1	0	0	0	0	0	0	0	0	0	0	0
GSM2457543	60	0	0	0	0	0	1	0	0	0	0	0	0	0	0	0	0	1
GSM2457544	67	0	0	0	0	1	0	0	0	0	0	0	0	0	0	0	0	0
GSM2457545	67	0	0	0	1	0	0	0	0	0	0	0	0	0	0	0	0	1
GSM2457546	54	0	0	0	0	0	1	0	0	0	0	0	0	0	0	0	0	0
GSM2457547	54	0	0	0	0	0	1	0	0	0	0	0	0	0	0	0	0	1
GSM2457548	60	0	1	0	0	0	0	0	0	0	0	0	0	0	0	0	0	1
GSM2457549	58	0	0	0	0	0	1	0	0	0	0	0	0	0	0	0	0	1
GSM2457550	55.5	0	0	0	0	0	0	0	0	1	0	0	0	0	0	0	0	1
GSM2457551	66	0	0	0	0	0	1	0	0	0	0	0	0	0	0	0	0	0
GSM2457552	66	0	0	0	0	1	0	0	0	0	0	0	0	0	0	0	0	1
GSM2457553	68.58333333	0	0	0	0	0	0	0	0	1	0	0	0	0	0	0	0	1
GSM2457554	53.25	0	0	0	0	0	0	0	0	0	0	0	0	0	0	0	1	0
GSM2457555	53.25	0	0	0	0	0	0	0	0	0	0	0	0	0	0	0	1	1
GSM2457556	52.25	0	0	0	0	0	0	0	0	0	0	0	0	0	0	0	1	0
GSM2457557	52.25	0	0	0	0	0	0	0	0	0	0	0	0	0	0	0	1	1
GSM2457558	62	0	0	0	0	1	0	0	0	0	0	0	0	0	0	0	0	0
GSM2457559	62	0	0	0	0	1	0	0	0	0	0	0	0	0	0	0	0	1
GSM2457560	58	0	0	0	1	0	0	0	0	0	0	0	0	0	0	0	0	1
GSM2457561	55	0	0	0	0	0	0	0	0	0	0	1	0	0	0	0	0	0
GSM2457562	55	0	0	0	0	0	0	0	0	0	0	1	0	0	0	0	0	1
GSM2457563	70	0	0	0	0	1	0	0	0	0	0	0	0	0	0	0	0	0
GSM2457564	70	0	0	0	0	1	0	0	0	0	0	0	0	0	0	0	0	1
GSM2457565	63	0	0	0	1	0	0	0	0	0	0	0	0	0	0	0	0	0
GSM2457566	63	0	0	0	1	0	0	0	0	0	0	0	0	0	0	0	0	1
GSM2457567	61	0	0	0	0	0	0	0	0	0	0	1	0	0	0	0	0	0
GSM2457568	61	0	0	0	0	0	0	0	0	0	0	1	0	0	0	0	0	1
GSM2457569	53	1	0	0	0	0	0	0	0	0	0	0	0	0	0	0	0	1
GSM2457570	68.75	0	0	0	0	0	0	0	0	1	0	0	0	0	0	0	0	1
GSM2457571	71	0	0	0	1	0	0	0	0	0	0	0	0	0	0	0	0	0
GSM2457572	71	0	0	0	1	0	0	0	0	0	0	0	0	0	0	0	0	1
GSM2457573	72	0	0	0	1	0	0	0	0	0	0	0	0	0	0	0	0	0
GSM2457574	72	0	0	0	1	0	0	0	0	0	0	0	0	0	0	0	0	1
GSM2457575	65	0	0	0	0	0	0	0	0	0	0	0	0	0	0	0	0	0
GSM2457576	65	0	0	0	0	0	0	0	0	0	0	0	0	0	0	0	0	1
GSM2457577	60	0	0	0	0	0	1	0	0	0	0	0	0	0	0	0	0	0
GSM2457578	65.75	0	0	0	0	0	0	0	0	1	0	0	0	0	0	0	0	1
GSM2457579	63	0	0	0	0	0	0	0	0	1	0	0	0	0	0	0	0	1
GSM2457580	76	0	0	0	0	0	0	0	0	0	0	0	0	0	0	0	0	0
GSM2457581	79	0	0	0	0	0	1	0	0	0	0	0	0	0	0	0	0	0
GSM2457582	79	0	0	0	0	0	1	0	0	0	0	0	0	0	0	0	0	1
GSM2457583	60	0	0	0	0	0	0	0	0	0	0	0	0	0	0	0	0	0
GSM2457584	58	0	0	0	0	0	1	0	0	0	0	0	0	0	0	0	0	0
GSM2457585	58	0	0	0	0	0	1	0	0	0	0	0	0	0	0	0	0	1
GSM2457586	62	0	0	0	0	0	0	0	1	0	0	0	0	0	0	0	0	0
GSM2457587	62	0	0	0	0	0	0	0	1	0	0	0	0	0	0	0	0	1
GSM2457588	62	0	0	0	0	0	0	0	0	0	0	0	0	0	0	0	0	0
GSM2457589	62	0	0	0	0	0	0	0	0	0	0	0	0	0	0	0	0	1
GSM2457590	48	0	0	0	0	0	0	0	0	0	0	0	0	0	0	0	0	0
GSM2457591	48	0	0	0	0	0	0	0	0	0	0	0	0	0	0	0	0	1
GSM2457592	68	0	0	0	0	0	0	0	1	0	0	0	0	0	0	0	0	0
GSM2457593	68	0	0	0	0	0	0	0	1	0	0	0	0	0	0	0	0	1
GSM2457594	64	0	0	0	0	0	0	0	0	0	0	0	0	0	0	0	0	0
GSM2457595	64	0	0	0	0	0	0	0	0	0	0	0	0	0	0	0	0	1
GSM2457596	58.83333333	0	0	0	0	0	0	0	0	1	0	0	0	0	0	0	0	1
GSM2457597	78	0	0	0	1	0	0	0	0	0	0	0	0	0	0	0	0	0
GSM2457598	78	0	0	0	1	0	0	0	0	0	0	0	0	0	0	0	0	1
GSM2457599	52.58333333	0	0	0	0	0	0	0	0	0	0	0	0	0	0	0	1	0
GSM2457600	52.58333333	0	0	0	0	0	0	0	0	0	0	0	0	0	0	0	1	1
GSM2457601	72	0	0	0	0	0	0	0	0	0	0	0	0	0	0	0	0	0
GSM2457602	65	0	0	0	0	1	0	0	0	0	0	0	0	0	0	0	0	0
GSM2457603	65	0	0	0	0	1	0	0	0	0	0	0	0	0	0	0	0	1
GSM2457604	53	1	0	0	0	0	0	0	0	0	0	0	0	0	0	0	0	0
GSM2457605	53	1	0	0	0	0	0	0	0	0	0	0	0	0	0	0	0	1
GSM2457606	66.08333333	0	0	0	0	0	0	0	0	1	0	0	0	0	0	0	0	1
GSM2457607	51	0	0	0	0	0	1	0	0	0	0	0	0	0	0	0	0	0
GSM2457608	51	0	0	0	0	1	0	0	0	0	0	0	0	0	0	0	0	1
GSM2457609	79	0	0	0	0	0	0	1	0	0	0	0	0	0	0	0	0	0
GSM2457610	79	0	0	0	0	0	0	1	0	0	0	0	0	0	0	0	0	1
GSM2457611	75.91666667	0	0	0	0	0	0	0	0	1	0	0	0	0	0	0	0	1
GSM2457612	57.83333333	0	0	0	0	0	0	0	0	0	0	0	0	0	0	0	1	0
GSM2457613	57.83333333	0	0	0	0	0	0	0	0	0	0	0	0	0	0	0	1	1
GSM2457614	73	0	0	0	0	0	0	0	0	0	0	0	0	0	0	0	0	0
GSM2457615	73	0	0	0	0	0	0	0	0	0	0	0	0	0	0	0	0	1
GSM2457616	66	0	0	0	0	1	0	0	0	0	0	0	0	0	0	0	0	0
GSM2457617	66	0	0	0	0	1	0	0	0	0	0	0	0	0	0	0	0	1
GSM2457618	68	0	0	0	0	0	1	0	0	0	0	0	0	0	0	0	0	1
GSM2457619	71	1	0	0	0	0	0	0	0	0	0	0	0	0	0	0	0	0
GSM2457620	71	0	0	0	0	0	1	0	0	0	0	0	0	0	0	0	0	1
GSM2457621	60	0	0	0	0	0	1	0	0	0	0	0	0	0	0	0	0	0
GSM2457622	60	0	0	0	0	0	1	0	0	0	0	0	0	0	0	0	0	1
GSM2457623	74	0	0	0	0	0	0	0	0	0	0	1	0	0	0	0	0	0
GSM2457624	74	0	0	0	0	0	0	0	0	0	0	1	0	0	0	0	0	1
GSM2457625	69	0	0	0	0	0	0	0	0	0	0	0	0	0	0	0	0	0
GSM2457626	69	0	0	0	0	0	0	0	0	0	0	0	0	0	0	0	0	1
GSM2457627	63	0	0	0	1	0	0	0	0	0	0	0	0	0	0	0	0	0
GSM2457628	63	0	0	0	1	0	0	0	0	0	0	0	0	0	0	0	0	1
GSM2457629	62.16666667	0	0	0	0	0	0	0	0	1	0	0	0	0	0	0	0	1
GSM2457630	74	0	0	0	0	0	0	0	0	0	0	0	0	0	0	0	0	0
GSM2457631	74	0	0	0	0	0	0	0	0	0	0	0	0	0	0	0	0	1
GSM2457632	54.33333333	0	0	0	0	0	0	0	0	1	0	0	0	0	0	0	0	1
GSM2457633	59	1	0	0	0	0	0	0	0	0	0	0	0	0	0	0	0	0
GSM2457634	59	1	0	0	0	0	0	0	0	0	0	0	0	0	0	0	0	1
GSM2457635	57	1	0	0	0	0	0	0	0	0	0	0	0	0	0	0	0	0
GSM2457636	57	1	0	0	0	0	0	0	0	0	0	0	0	0	0	0	0	1
GSM2457637	71	0	0	0	0	0	1	0	0	0	0	0	0	0	0	0	0	0
GSM2457638	71	1	0	0	0	0	0	0	0	0	0	0	0	0	0	0	0	1
GSM2457639	61.83333333	0	0	0	0	0	0	0	0	1	0	0	0	0	0	0	0	1
GSM2457640	59	0	0	0	0	0	0	0	0	0	0	0	0	0	0	0	0	0
GSM2457641	59	0	0	0	0	0	0	0	0	0	0	0	0	0	0	0	0	1
GSM2457642	68	0	0	0	0	0	0	0	0	0	0	1	0	0	0	0	0	0
GSM2457643	68	0	0	0	0	0	0	0	0	0	0	1	0	0	0	0	0	1
GSM2457644	72	0	0	0	0	1	0	0	0	0	0	0	0	0	0	0	0	0
GSM2457645	72	0	0	0	0	0	1	0	0	0	0	0	0	0	0	0	0	1
GSM2457646	68	0	0	0	0	0	1	0	0	0	0	0	0	0	0	0	0	0
GSM2457647	68	0	0	0	0	0	1	0	0	0	0	0	0	0	0	0	0	1
GSM2457648	60	0	0	0	0	0	1	0	0	0	0	0	0	0	0	0	0	0
GSM2457649	60	0	0	0	0	1	0	0	0	0	0	0	0	0	0	0	0	1
GSM2457650	62	0	0	0	0	0	0	0	0	0	0	0	0	0	0	0	0	1
GSM2457651	57	0	0	0	0	0	0	0	0	0	0	0	0	0	0	0	0	0
GSM2457652	57	0	0	0	0	0	0	0	0	0	0	0	0	0	0	0	0	1
GSM2457653	69	0	0	0	0	0	0	0	0	0	0	0	0	0	0	0	0	0
GSM2457654	69	0	0	0	0	0	0	0	0	0	0	0	0	0	0	0	0	1
GSM2457655	62	0	0	0	0	0	0	0	0	0	0	0	0	0	0	0	0	0
GSM2457656	62	0	0	0	0	0	0	0	0	0	0	0	0	0	0	0	0	1
GSM2457657	53.91666667	0	0	0	0	0	0	0	0	0	0	0	0	0	0	0	1	0
GSM2457658	53.91666667	0	0	0	0	0	0	0	0	0	0	0	0	0	0	0	1	1
GSM2457659	73	0	0	0	0	0	0	1	0	0	0	0	0	0	0	0	0	0
GSM2457660	73	0	0	0	0	0	0	1	0	0	0	0	0	0	0	0	0	1
GSM2457661	69	0	0	0	0	0	0	0	0	0	0	0	0	0	0	0	0	0
GSM2457662	69	0	0	0	0	0	0	0	0	0	0	0	0	0	0	0	0	1
GSM2457663	71	0	0	0	0	1	0	0	0	0	0	0	0	0	0	0	0	0
GSM2457664	71	0	0	0	0	1	0	0	0	0	0	0	0	0	0	0	0	1
GSM2457665	77	0	0	0	0	0	0	0	0	0	0	1	0	0	0	0	0	0
GSM2457666	58	0	0	1	0	0	0	0	0	0	0	0	0	0	0	0	0	0
GSM2457667	58	0	0	1	0	0	0	0	0	0	0	0	0	0	0	0	0	1
GSM2457668	71.58333333	0	0	0	0	0	0	0	0	1	0	0	0	0	0	0	0	1
GSM2457669	60	0	0	0	0	0	1	0	0	0	0	0	0	0	0	0	0	0
GSM2457670	60	0	0	0	0	0	1	0	0	0	0	0	0	0	0	0	0	1
GSM2457671	56	0	0	0	0	0	0	0	0	0	0	0	0	0	0	0	0	0
GSM2457672	56	0	0	0	0	0	0	0	0	0	0	0	0	0	0	0	0	1
GSM2457673	73	0	0	0	0	0	0	0	0	0	0	1	0	0	0	0	0	0
GSM2457674	73	0	0	0	0	0	0	0	0	0	0	1	0	0	0	0	0	1
GSM2457675	61	0	0	1	0	0	0	0	0	0	0	0	0	0	0	0	0	0
GSM2457676	61	0	0	1	0	0	0	0	0	0	0	0	0	0	0	0	0	1
GSM2457677	72	0	0	0	0	0	0	0	0	0	0	0	0	0	0	0	0	0
GSM2457678	72	0	0	0	0	0	0	0	0	0	0	0	0	0	0	0	0	1
GSM2457679	58	0	0	0	0	0	0	0	0	0	0	0	0	0	0	0	0	0
GSM2457680	75	0	0	0	0	0	0	0	0	0	0	0	0	0	0	0	0	0
GSM2457681	75	0	0	0	0	0	0	0	0	0	0	0	0	0	0	0	0	1
GSM2457682	69.58333333	0	0	0	0	0	0	0	0	1	0	0	0	0	0	0	0	1
GSM2457683	76	0	0	0	0	0	0	0	0	0	0	1	0	0	0	0	0	0
GSM2457684	76	0	0	0	0	0	0	0	0	0	0	1	0	0	0	0	0	1
GSM2457685	59	0	0	0	0	0	0	0	0	1	0	0	0	0	0	0	0	1
GSM2457686	60	0	0	1	0	0	0	0	0	0	0	0	0	0	0	0	0	1
GSM2457687	56	0	0	1	0	0	0	0	0	0	0	0	0	0	0	0	0	0
GSM2457688	56	0	0	1	0	0	0	0	0	0	0	0	0	0	0	0	0	1
GSM2457689	60.91666667	0	0	0	0	0	0	0	0	1	0	0	0	0	0	0	0	1
GSM2457690	75	0	0	0	0	0	0	0	0	0	0	0	0	0	0	0	0	0
GSM2457691	75	0	0	0	0	0	0	0	0	0	0	0	0	0	0	0	0	1
GSM2457692	68	0	0	1	0	0	0	0	0	0	0	0	0	0	0	0	0	0
GSM2457693	68	0	0	1	0	0	0	0	0	0	0	0	0	0	0	0	0	1
GSM2457694	72	0	0	0	0	0	0	0	0	0	0	0	0	0	0	0	0	0
GSM2457695	72	0	0	0	0	0	0	0	0	0	0	0	0	0	0	0	0	1
GSM2457696	58	0	0	0	0	0	1	0	0	0	0	0	0	0	0	0	0	0
GSM2457697	58	0	0	0	0	1	0	0	0	0	0	0	0	0	0	0	0	1
GSM2457698	72	0	0	0	0	1	0	0	0	0	0	0	0	0	0	0	0	0
GSM2457699	72	0	0	0	0	1	0	0	0	0	0	0	0	0	0	0	0	1
GSM2457700	67	0	0	0	0	0	0	0	0	0	0	1	0	0	0	0	0	0
GSM2457701	67	0	0	0	0	0	0	0	0	0	0	1	0	0	0	0	0	1
GSM2457702	56	0	0	0	0	0	0	0	0	1	0	0	0	0	0	0	0	1
GSM2457703	47.83333333	0	0	0	0	0	0	0	0	0	0	0	0	0	0	0	1	0
GSM2457704	47.83333333	0	0	0	0	0	0	0	0	0	0	0	0	0	0	0	1	1
GSM2457705	72.58333333	0	0	0	0	0	0	0	0	1	0	0	0	0	0	0	0	1
GSM2457706	61	0	0	0	0	0	0	0	0	0	0	0	0	0	0	0	0	0
GSM2457707	61	0	0	0	0	0	0	0	0	0	0	0	0	0	0	0	0	1
GSM2457708	65.66666667	0	0	0	0	0	0	0	0	1	0	0	0	0	0	0	0	1
GSM2457709	68	0	0	0	0	1	0	0	0	0	0	0	0	0	0	0	0	0
GSM2457710	68	0	0	0	0	0	1	0	0	0	0	0	0	0	0	0	0	1
GSM2457711	65	0	0	0	0	0	1	0	0	0	0	0	0	0	0	0	0	1
GSM2457712	57	0	0	0	0	0	0	0	0	0	0	0	0	0	0	0	0	0
GSM2457713	57	0	0	0	0	0	0	0	0	0	0	0	0	0	0	0	0	1
GSM2457714	62	0	0	1	0	0	0	0	0	0	0	0	0	0	0	0	0	0
GSM2457715	62	0	0	1	0	0	0	0	0	0	0	0	0	0	0	0	0	1
GSM2457716	68	0	0	0	0	0	0	0	0	1	0	0	0	0	0	0	0	1
GSM2457717	70	0	0	0	0	0	1	0	0	0	0	0	0	0	0	0	0	0
GSM2457718	70	0	0	0	0	0	1	0	0	0	0	0	0	0	0	0	0	1
GSM2457719	63	0	0	0	0	0	0	0	0	0	0	0	0	0	0	0	0	0
GSM2457720	63	0	0	0	0	0	0	0	0	0	0	0	0	0	0	0	0	1
GSM2457721	61	0	0	1	0	0	0	0	0	0	0	0	0	0	0	0	0	0
GSM2457722	61	0	0	1	0	0	0	0	0	0	0	0	0	0	0	0	0	1
GSM2457723	52	0	0	1	0	0	0	0	0	0	0	0	0	0	0	0	0	0
GSM2457724	52	0	0	1	0	0	0	0	0	0	0	0	0	0	0	0	0	1
GSM2457725	62	0	0	0	0	0	0	0	0	0	0	1	0	0	0	0	0	0
GSM2457726	62	0	0	0	0	0	1	0	0	0	0	0	0	0	0	0	0	1
GSM2457727	61	0	0	0	0	0	0	0	0	0	0	1	0	0	0	0	0	1
GSM2457728	60.25	0	0	0	0	0	0	0	0	1	0	0	0	0	0	0	0	1
GSM2457729	59	0	0	1	0	0	0	0	0	0	0	0	0	0	0	0	0	0
GSM2457730	59	0	0	1	0	0	0	0	0	0	0	0	0	0	0	0	0	1
GSM2457731	57.16666667	0	0	0	0	0	0	0	0	1	0	0	0	0	0	0	0	1
GSM2457732	51	0	0	0	1	0	0	0	0	0	0	0	0	0	0	0	0	0
GSM2457733	51	0	0	0	1	0	0	0	0	0	0	0	0	0	0	0	0	1
GSM2457734	57	0	0	0	0	0	0	0	0	0	0	0	0	0	0	0	0	0
GSM2457735	57	0	0	0	0	0	0	0	0	0	0	0	0	0	0	0	0	1
GSM2457736	68	0	0	0	0	0	0	0	0	0	0	0	0	0	0	0	0	0
GSM2457737	68	0	0	0	0	0	0	0	0	0	0	0	0	0	0	0	0	1
GSM2457738	53	0	0	0	0	0	0	0	0	0	0	0	0	0	0	0	0	0
GSM2457739	53	0	0	0	0	0	0	0	0	0	0	0	0	0	0	0	0	1
GSM2457740	60	0	0	1	0	0	0	0	0	0	0	0	0	0	0	0	0	1
GSM2457741	61	0	0	0	0	0	0	0	0	0	0	1	0	0	0	0	0	0
GSM2457742	61	0	0	0	0	0	0	0	0	0	0	1	0	0	0	0	0	1
GSM2457743	51.25	0	0	0	0	0	0	0	0	0	0	0	0	0	0	0	1	0
GSM2457744	68	0	0	0	0	0	1	0	0	0	0	0	0	0	0	0	0	0
GSM2457745	68	0	0	0	0	0	1	0	0	0	0	0	0	0	0	0	0	1
GSM2457746	55.5	0	0	0	0	0	0	0	0	0	0	0	0	0	0	0	1	0
GSM2457747	55.5	0	0	0	0	0	0	0	0	0	0	0	0	0	0	0	1	1
GSM2457748	60	0	0	0	0	0	0	0	0	0	0	0	0	0	0	0	0	0
GSM2457749	60	0	0	0	0	0	0	0	0	0	0	0	0	0	0	0	0	1
GSM2457750	53	0	0	0	0	0	0	0	0	0	0	0	0	0	0	0	0	0
GSM2457751	53	0	0	0	0	0	0	0	0	0	0	0	0	0	0	0	0	1
GSM2457752	82	0	0	0	0	0	0	0	1	0	0	0	0	0	0	0	0	0
GSM2457753	82	0	0	0	0	0	0	0	1	0	0	0	0	0	0	0	0	1
GSM2457754	68	0	0	0	0	1	0	0	0	0	0	0	0	0	0	0	0	0
GSM2457755	68	0	0	0	0	0	1	0	0	0	0	0	0	0	0	0	0	1
GSM2457756	67	0	0	1	0	0	0	0	0	0	0	0	0	0	0	0	0	0
GSM2457757	67	0	0	1	0	0	0	0	0	0	0	0	0	0	0	0	0	1
GSM2457758	64	0	1	0	0	0	0	0	0	0	0	0	0	0	0	0	0	0
GSM2457759	56	0	1	0	0	0	0	0	0	0	0	0	0	0	0	0	0	0
GSM2457760	56	0	1	0	0	0	0	0	0	0	0	0	0	0	0	0	0	1
GSM2457761	64	0	0	0	0	0	0	0	0	0	0	0	0	0	0	0	0	0
GSM2457762	64	0	0	0	0	0	0	0	0	0	0	0	0	0	0	0	0	1
GSM2457763	72	0	0	0	0	0	0	0	0	0	0	1	0	0	0	0	0	0
GSM2457764	72	0	0	0	0	0	0	0	0	0	0	1	0	0	0	0	0	1
GSM2457765	62.66666667	0	0	0	0	0	0	0	0	1	0	0	0	0	0	0	0	1
GSM2457766	64	0	0	0	0	0	0	0	0	0	0	0	0	0	0	0	0	0
GSM2457767	64	0	0	0	0	0	0	0	0	0	0	0	0	0	0	0	0	1
GSM2457768	76	0	0	0	0	0	0	0	0	0	0	0	0	0	0	0	0	0
GSM2457769	76	0	0	0	0	0	0	0	0	0	0	0	0	0	0	0	0	1
GSM2457770	70	0	0	0	0	0	0	0	0	0	0	0	0	0	0	0	0	0
GSM2457771	70	0	0	0	0	0	0	0	0	0	0	0	0	0	0	0	0	1
GSM2457772	72	0	0	0	0	0	0	0	0	0	0	1	0	0	0	0	0	0
GSM2457773	72	0	0	0	0	0	0	0	0	0	0	1	0	0	0	0	0	1
GSM2457774	59	0	0	0	0	1	0	0	0	0	0	0	0	0	0	0	0	0
GSM2457775	59	0	0	0	0	0	1	0	0	0	0	0	0	0	0	0	0	1
GSM2457776	48.83333333	0	0	0	0	0	0	0	0	0	0	0	0	0	0	0	1	1
GSM2457777	63	0	0	0	0	0	0	0	0	0	0	1	0	0	0	0	0	0
GSM2457778	63	0	0	0	0	0	0	0	0	0	0	1	0	0	0	0	0	1
GSM2457779	55	0	0	0	0	0	1	0	0	0	0	0	0	0	0	0	0	0
GSM2457780	55	1	0	0	0	0	0	0	0	0	0	0	0	0	0	0	0	1
GSM2457781	80	0	0	0	0	0	0	1	0	0	0	0	0	0	0	0	0	0
GSM2457782	80	0	0	0	0	0	0	1	0	0	0	0	0	0	0	0	0	1
GSM2457783	64	0	0	1	0	0	0	0	0	0	0	0	0	0	0	0	0	1
GSM2457784	71	1	0	0	0	0	0	0	0	0	0	0	0	0	0	0	0	0
GSM2457785	71	1	0	0	0	0	0	0	0	0	0	0	0	0	0	0	0	1
GSM2457786	69.25	0	0	0	0	0	0	0	0	1	0	0	0	0	0	0	0	1
GSM2457787	66	0	0	0	0	0	0	0	0	1	0	0	0	0	0	0	0	1
GSM2457788	62.33333333	0	0	0	0	0	0	0	0	1	0	0	0	0	0	0	0	1
GSM2457789	73.08333333	0	0	0	0	0	0	0	0	1	0	0	0	0	0	0	0	1
GSM2457790	67	0	0	1	0	0	0	0	0	0	0	0	0	0	0	0	0	0
GSM2457791	67	0	0	1	0	0	0	0	0	0	0	0	0	0	0	0	0	1
GSM2457792	67.83333333	0	0	0	0	0	0	0	0	1	0	0	0	0	0	0	0	1
GSM2457793	70.5	0	0	0	0	0	0	0	0	1	0	0	0	0	0	0	0	1
GSM2457794	64.83333333	0	0	0	0	0	0	0	0	1	0	0	0	0	0	0	0	1
GSM2457795	68	0	0	0	0	0	0	0	0	0	0	1	0	0	0	0	0	0
GSM2457796	68	0	0	0	0	0	0	0	0	0	0	1	0	0	0	0	0	1
GSM2457797	63.91666667	0	0	0	0	0	0	0	0	1	0	0	0	0	0	0	0	0
GSM2457798	63.91666667	0	0	0	0	0	0	0	0	1	0	0	0	0	0	0	0	1
GSM2457799	66	0	0	0	0	0	0	0	0	0	0	0	0	0	0	0	0	0
GSM2457800	66	0	0	0	0	0	0	0	0	0	0	0	0	0	0	0	0	1
GSM2457801	70	0	0	0	0	0	0	0	0	0	0	1	0	0	0	0	0	1
GSM2457802	61	0	0	0	0	0	0	0	0	0	0	1	0	0	0	0	0	0
GSM2457803	61	0	0	0	0	0	0	0	0	0	0	1	0	0	0	0	0	1
GSM2457804	63	0	0	0	0	0	0	0	0	0	0	1	0	0	0	0	0	0
GSM2457805	63	0	0	0	0	0	0	0	0	0	0	1	0	0	0	0	0	1
GSM2457806	76	0	0	0	0	0	0	0	0	0	0	1	0	0	0	0	0	0
GSM2457807	76	0	0	0	0	0	0	0	0	0	0	1	0	0	0	0	0	1
GSM2457808	68	0	0	1	0	0	0	0	0	0	0	0	0	0	0	0	0	1
GSM2457809	70	0	0	1	0	0	0	0	0	0	0	0	0	0	0	0	0	0
GSM2457810	70	0	0	1	0	0	0	0	0	0	0	0	0	0	0	0	0	1
GSM2457811	74	0	0	0	0	0	0	0	1	0	0	0	0	0	0	0	0	0
GSM2457812	74	0	0	1	0	0	0	0	0	0	0	0	0	0	0	0	0	1
GSM2457813	69	0	0	0	0	0	0	0	0	0	1	0	0	0	0	0	0	0
GSM2457814	69	0	0	0	0	0	0	0	0	0	1	0	0	0	0	0	0	1
GSM2457815	62	0	0	0	0	0	0	0	0	0	0	0	0	0	0	0	0	0
GSM2457816	78	0	0	1	0	0	0	0	0	0	0	0	0	0	0	0	0	1
GSM2457817	50.58333333	0	0	0	0	0	0	0	0	1	0	0	0	0	0	0	0	1
GSM2457818	54	0	0	0	0	0	0	0	0	0	0	0	0	0	0	0	0	0
GSM2457819	54	0	0	0	0	0	0	0	0	0	0	0	0	0	0	0	0	1
GSM2457820	68	0	0	1	0	0	0	0	0	0	0	0	0	0	0	0	0	0
GSM2457821	68	0	0	1	0	0	0	0	0	0	0	0	0	0	0	0	0	1
GSM2457822	71	0	0	1	0	0	0	0	0	0	0	0	0	0	0	0	0	1
GSM2457823	55	0	0	0	0	0	0	0	0	0	0	0	0	0	0	0	0	0
GSM2457824	55	0	0	0	0	0	0	0	0	0	0	0	0	0	0	0	0	1
GSM2457825	65	0	0	1	0	0	0	0	0	0	0	0	0	0	0	0	0	1
GSM2457826	63.58333333	0	0	0	0	0	0	0	0	1	0	0	0	0	0	0	0	1
GSM2457827	60	0	0	1	0	0	0	0	0	0	0	0	0	0	0	0	0	0
GSM2457828	68	0	0	1	0	0	0	0	0	0	0	0	0	0	0	0	0	0
GSM2457829	68	0	0	1	0	0	0	0	0	0	0	0	0	0	0	0	0	1
GSM2457830	67	0	0	0	0	1	0	0	0	0	0	0	0	0	0	0	0	0
GSM2457831	67	0	0	0	0	1	0	0	0	0	0	0	0	0	0	0	0	1
GSM2457832	73	0	0	0	0	1	0	0	0	0	0	0	0	0	0	0	0	0
GSM2457833	73	0	0	0	0	1	0	0	0	0	0	0	0	0	0	0	0	1
GSM2457834	71	0	0	1	0	0	0	0	0	0	0	0	0	0	0	0	0	0
GSM2457835	71	0	0	1	0	0	0	0	0	0	0	0	0	0	0	0	0	1
GSM2457836	51	0	0	1	0	0	0	0	0	0	0	0	0	0	0	0	0	0
GSM2457837	51	0	0	1	0	0	0	0	0	0	0	0	0	0	0	0	0	1
GSM2457838	66	0	0	1	0	0	0	0	0	0	0	0	0	0	0	0	0	0
GSM2457839	67	0	0	1	0	0	0	0	0	0	0	0	0	0	0	0	0	0
GSM2457840	67	0	0	1	0	0	0	0	0	0	0	0	0	0	0	0	0	1
GSM2457841	61	0	0	0	0	0	0	0	1	0	0	0	0	0	0	0	0	0
GSM2457842	61	0	0	0	0	0	0	0	1	0	0	0	0	0	0	0	0	1
GSM2457843	62.41666667	0	0	0	0	0	0	0	0	1	0	0	0	0	0	0	0	1
GSM2457844	66	0	0	0	0	0	0	0	0	0	0	1	0	0	0	0	0	0
GSM2457845	66	0	0	0	0	0	0	0	0	0	0	1	0	0	0	0	0	1
GSM2457846	77	0	0	1	0	0	0	0	0	0	0	0	0	0	0	0	0	0
GSM2457847	77	0	0	1	0	0	0	0	0	0	0	0	0	0	0	0	0	1
GSM2457848	77	0	0	0	1	0	0	0	0	0	0	0	0	0	0	0	0	0
GSM2457849	77	0	0	0	1	0	0	0	0	0	0	0	0	0	0	0	0	1
GSM2457850	58	0	0	0	0	0	0	0	0	0	0	1	0	0	0	0	0	0
GSM2457851	58	0	0	0	0	0	0	0	0	0	0	1	0	0	0	0	0	1
GSM2457852	79	0	0	0	0	0	0	0	0	0	0	1	0	0	0	0	0	0
GSM2457853	54	0	0	0	0	0	0	0	0	0	0	1	0	0	0	0	0	0
GSM2457854	54	0	0	0	0	0	0	0	0	0	0	1	0	0	0	0	0	1
GSM2457855	59	0	0	0	0	0	0	0	1	0	0	0	0	0	0	0	0	0
GSM2457856	59	0	0	0	0	0	0	0	1	0	0	0	0	0	0	0	0	1
GSM2457857	66	0	0	0	0	0	0	0	1	0	0	0	0	0	0	0	0	0
GSM2457858	66	0	0	0	0	0	0	0	1	0	0	0	0	0	0	0	0	1
GSM2457859	65	0	0	0	1	0	0	0	0	0	0	0	0	0	0	0	0	0
GSM2457860	65	0	0	0	1	0	0	0	0	0	0	0	0	0	0	0	0	1
GSM2457861	75	0	0	0	1	0	0	0	0	0	0	0	0	0	0	0	0	0
GSM2457862	75	0	0	0	1	0	0	0	0	0	0	0	0	0	0	0	0	1
GSM2457863	61	0	0	0	0	0	0	0	0	0	0	1	0	0	0	0	0	0
GSM2457864	61	0	0	0	0	0	0	0	0	0	0	1	0	0	0	0	0	1
GSM2457865	59	0	0	1	0	0	0	0	0	0	0	0	0	0	0	0	0	0
GSM2457866	59	0	0	1	0	0	0	0	0	0	0	0	0	0	0	0	0	1
GSM2457867	62	0	1	0	0	0	0	0	0	0	0	0	0	0	0	0	0	0
GSM2457868	62	0	1	0	0	0	0	0	0	0	0	0	0	0	0	0	0	1
GSM2457869	69	0	0	0	0	1	0	0	0	0	0	0	0	0	0	0	0	0
GSM2457870	69	0	0	0	0	1	0	0	0	0	0	0	0	0	0	0	0	1
GSM2457871	65	0	0	1	0	0	0	0	0	0	0	0	0	0	0	0	0	0
GSM2457872	65	0	1	0	0	0	0	0	0	0	0	0	0	0	0	0	0	1
GSM2457873	66	0	0	0	0	0	0	0	0	0	0	1	0	0	0	0	0	0
GSM2457874	66	0	0	0	0	0	0	0	0	0	0	1	0	0	0	0	0	1
GSM2457875	59	0	0	0	1	0	0	0	0	0	0	0	0	0	0	0	0	0
GSM2457876	59	0	0	0	1	0	0	0	0	0	0	0	0	0	0	0	0	1
GSM2457877	70.08333333	0	0	0	0	0	0	0	0	1	0	0	0	0	0	0	0	1
GSM2457878	59	0	0	1	0	0	0	0	0	0	0	0	0	0	0	0	0	1
GSM2457879	57	0	1	0	0	0	0	0	0	0	0	0	0	0	0	0	0	1
GSM2457880	58	0	0	0	0	0	0	0	0	0	0	1	0	0	0	0	0	0
GSM2457881	58	0	0	0	0	0	0	0	0	0	0	1	0	0	0	0	0	1
GSM2457882	52	0	1	0	0	0	0	0	0	0	0	0	0	0	0	0	0	1
GSM2457883	72	0	0	0	0	0	0	0	0	0	0	1	0	0	0	0	0	0
GSM2457884	72	0	0	0	0	0	0	0	0	0	0	1	0	0	0	0	0	1
GSM2457885	60	0	0	0	0	0	0	0	0	0	0	1	0	0	0	0	0	0
GSM2457886	60	0	0	0	0	0	0	0	0	0	0	1	0	0	0	0	0	1
GSM2457887	69	0	0	0	1	0	0	0	0	0	0	0	0	0	0	0	0	0
GSM2457888	69	0	0	0	1	0	0	0	0	0	0	0	0	0	0	0	0	1
GSM2457889	66	0	1	0	0	0	0	0	0	0	0	0	0	0	0	0	0	0
GSM2457890	58	0	0	0	0	0	0	0	0	0	0	1	0	0	0	0	0	0
GSM2457891	58	0	0	0	0	0	0	0	0	0	0	1	0	0	0	0	0	1
GSM2457892	59	0	0	0	0	0	0	0	0	0	0	1	0	0	0	0	0	0
GSM2457893	59	0	0	0	0	0	0	0	0	0	0	1	0	0	0	0	0	1
GSM2457894	71	0	0	0	0	0	0	0	0	0	0	1	0	0	0	0	0	0
GSM2457895	71	0	0	0	0	0	0	0	0	0	0	1	0	0	0	0	0	1
GSM2457896	63.58333333	0	0	0	0	0	0	0	0	1	0	0	0	0	0	0	0	1
GSM2457897	62	0	0	0	0	0	0	0	1	0	0	0	0	0	0	0	0	0
GSM2457898	62	0	0	0	0	0	0	0	1	0	0	0	0	0	0	0	0	1
GSM2457899	68	0	1	0	0	0	0	0	0	0	0	0	0	0	0	0	0	0
GSM2457900	68	0	1	0	0	0	0	0	0	0	0	0	0	0	0	0	0	1
GSM2457901	77	0	0	0	0	0	0	0	0	0	1	0	0	0	0	0	0	1
GSM2457902	73	0	0	0	0	0	0	0	1	0	0	0	0	0	0	0	0	0
GSM2457903	61.41666667	0	0	0	0	0	0	0	0	1	0	0	0	0	0	0	0	1
GSM2457904	68	0	1	0	0	0	0	0	0	0	0	0	0	0	0	0	0	0
GSM2457905	68	0	1	0	0	0	0	0	0	0	0	0	0	0	0	0	0	1
GSM2457906	56	0	0	0	0	0	0	0	0	0	0	1	0	0	0	0	0	0
GSM2457907	56	0	0	0	0	0	0	0	0	0	0	1	0	0	0	0	0	1
GSM2457908	65.58333333	0	0	0	0	0	0	0	0	1	0	0	0	0	0	0	0	1
GSM2457909	56	0	1	0	0	0	0	0	0	0	0	0	0	0	0	0	0	1
GSM2457910	55	0	0	0	1	0	0	0	0	0	0	0	0	0	0	0	0	0
GSM2457911	55	0	0	0	1	0	0	0	0	0	0	0	0	0	0	0	0	1
GSM2457912	63	0	0	0	0	0	0	0	0	0	0	1	0	0	0	0	0	0
GSM2457913	63	0	0	0	0	0	0	0	0	0	0	1	0	0	0	0	0	1
GSM2457914	56	0	0	0	1	0	0	0	0	0	0	0	0	0	0	0	0	0
GSM2457915	56	0	0	0	1	0	0	0	0	0	0	0	0	0	0	0	0	1
GSM2457916	65	0	0	1	0	0	0	0	0	0	0	0	0	0	0	0	0	0
GSM2457917	65	0	1	0	0	0	0	0	0	0	0	0	0	0	0	0	0	1
GSM2457918	64.66666667	0	0	1	0	0	0	0	0	0	0	0	0	0	0	0	0	1
GSM2457919	67	0	0	1	0	0	0	0	0	0	0	0	0	0	0	0	0	0
GSM2457920	67	0	0	1	0	0	0	0	0	0	0	0	0	0	0	0	0	1
GSM2457921	74	0	0	0	1	0	0	0	0	0	0	0	0	0	0	0	0	1
GSM2457922	46	0	1	0	0	0	0	0	0	0	0	0	0	0	0	0	0	0
GSM2457923	46	0	0	1	0	0	0	0	0	0	0	0	0	0	0	0	0	1
GSM2457924	66.66666667	0	0	0	0	0	0	0	0	1	0	0	0	0	0	0	0	1
GSM2457925	59	0	1	0	0	0	0	0	0	0	0	0	0	0	0	0	0	0
GSM2457926	59	0	1	0	0	0	0	0	0	0	0	0	0	0	0	0	0	1
GSM2457927	71	0	0	0	1	0	0	0	0	0	0	0	0	0	0	0	0	1
GSM2457928	66	0	0	0	0	0	0	0	1	0	0	0	0	0	0	0	0	0
GSM2457929	66	0	0	1	0	0	0	0	0	0	0	0	0	0	0	0	0	1
GSM2457930	59	0	0	1	0	0	0	0	0	0	0	0	0	0	0	0	0	0
GSM2457931	59	0	0	1	0	0	0	0	0	0	0	0	0	0	0	0	0	1
GSM2457932	72	0	0	0	0	0	1	0	0	0	0	0	0	0	0	0	0	1
GSM2457933	73	0	0	1	0	0	0	0	0	0	0	0	0	0	0	0	0	0
GSM2457934	73	0	0	1	0	0	0	0	0	0	0	0	0	0	0	0	0	1
GSM2457935	62	0	0	1	0	0	0	0	0	0	0	0	0	0	0	0	0	1
GSM2457936	60	0	0	0	0	0	0	0	1	0	0	0	0	0	0	0	0	0
GSM2457937	60	0	0	0	0	0	0	0	1	0	0	0	0	0	0	0	0	1
GSM2457938	76	0	0	1	0	0	0	0	0	0	0	0	0	0	0	0	0	0
GSM2457939	66	0	0	0	0	0	0	0	0	0	0	1	0	0	0	0	0	0
GSM2457940	66	0	0	1	0	0	0	0	0	0	0	0	0	0	0	0	0	1
GSM2457941	79	0	0	1	0	0	0	0	0	0	0	0	0	0	0	0	0	1
GSM2457942	66.66666667	0	0	0	0	0	0	0	0	1	0	0	0	0	0	0	0	1
GSM2457943	66	0	0	0	0	0	0	0	1	0	0	0	0	0	0	0	0	0
GSM2457944	66	0	0	0	0	0	0	0	1	0	0	0	0	0	0	0	0	1
GSM2457945	74.25	0	0	0	0	0	0	0	0	1	0	0	0	0	0	0	0	1
GSM2457946	81	0	0	0	0	0	0	0	1	0	0	0	0	0	0	0	0	0
GSM2457947	81	0	0	0	0	0	0	0	1	0	0	0	0	0	0	0	0	1
GSM2457948	65	0	0	0	1	0	0	0	0	0	0	0	0	0	0	0	0	0
GSM2457949	65	0	0	0	1	0	0	0	0	0	0	0	0	0	0	0	0	1
GSM2457950	61	0	0	0	0	0	0	0	1	0	0	0	0	0	0	0	0	0
GSM2457951	61	0	0	0	0	0	0	0	1	0	0	0	0	0	0	0	0	1
GSM2457952	64.33333333	0	0	0	0	0	0	0	0	1	0	0	0	0	0	0	0	1
GSM2457953	63	0	0	0	0	0	0	1	0	0	0	0	0	0	0	0	0	0
GSM2457954	63	0	0	0	0	0	0	1	0	0	0	0	0	0	0	0	0	1
GSM2457955	57	0	0	1	0	0	0	0	0	0	0	0	0	0	0	0	0	0
GSM2457956	57	0	0	1	0	0	0	0	0	0	0	0	0	0	0	0	0	1
GSM2457957	45.08333333	0	0	0	0	0	0	0	0	0	0	0	0	0	0	0	1	0
GSM2457958	45.08333333	0	0	0	0	0	0	0	0	0	0	0	0	0	0	0	1	1
GSM2457959	58	0	0	0	0	0	0	0	0	0	1	0	0	0	0	0	0	0
GSM2457960	58	0	0	0	0	0	0	0	0	0	1	0	0	0	0	0	0	1
GSM2457961	56.58333333	0	0	0	0	0	0	0	0	1	0	0	0	0	0	0	0	1
GSM2457962	58	0	0	0	0	0	0	0	0	0	0	1	0	0	0	0	0	0
GSM2457963	58	0	0	0	0	0	0	0	0	0	0	1	0	0	0	0	0	1
GSM2457964	76	0	0	0	1	0	0	0	0	0	0	0	0	0	0	0	0	0
GSM2457965	76	0	0	0	1	0	0	0	0	0	0	0	0	0	0	0	0	1
GSM2457966	38.25	0	0	0	0	0	0	0	0	0	0	0	0	0	0	0	1	0
GSM2457967	38.25	0	0	0	0	0	0	0	0	0	0	0	0	0	0	0	1	1
GSM2457968	64.66666667	0	0	0	0	0	0	0	0	1	0	0	0	0	0	0	0	1
GSM2457969	66	0	0	0	1	0	0	0	0	0	0	0	0	0	0	0	0	0
GSM2457970	66	0	0	0	1	0	0	0	0	0	0	0	0	0	0	0	0	1
GSM2457971	61	0	0	0	0	0	0	0	1	0	0	0	0	0	0	0	0	0
GSM2457972	61	0	0	0	0	0	0	0	1	0	0	0	0	0	0	0	0	1
GSM2457973	58	0	1	0	0	0	0	0	0	0	0	0	0	0	0	0	0	1
GSM2457974	54	0	0	0	0	0	0	0	0	0	0	0	0	0	0	0	0	0
GSM2457975	54	0	0	0	0	0	0	0	0	0	0	0	0	0	0	0	0	1
GSM2457976	67	0	0	0	0	0	0	0	0	0	1	0	0	0	0	0	0	0
GSM2457977	67	0	0	0	0	0	0	0	0	0	1	0	0	0	0	0	0	1
GSM2457978	73	0	0	0	0	0	0	0	0	0	0	1	0	0	0	0	0	0
GSM2457979	73	0	0	0	0	0	0	0	0	0	0	1	0	0	0	0	0	1
GSM2457980	77.66666667	0	0	0	0	0	0	0	0	1	0	0	0	0	0	0	0	1
GSM2457981	66	1	0	0	0	0	0	0	0	0	0	0	0	0	0	0	0	1
GSM2457982	60	1	0	0	0	0	0	0	0	0	0	0	0	0	0	0	0	0
GSM2457983	60	1	0	0	0	0	0	0	0	0	0	0	0	0	0	0	0	1
GSM2457984	60.33333333	0	0	0	0	0	0	0	0	1	0	0	0	0	0	0	0	1
GSM2457985	60	0	0	0	0	0	1	0	0	0	0	0	0	0	0	0	0	0
GSM2457986	60	0	0	0	0	0	1	0	0	0	0	0	0	0	0	0	0	1
GSM2457987	63	1	0	0	0	0	0	0	0	0	0	0	0	0	0	0	0	0
GSM2457988	63	1	0	0	0	0	0	0	0	0	0	0	0	0	0	0	0	1
GSM2457989	76	0	0	0	0	0	0	0	0	0	0	1	0	0	0	0	0	0
GSM2457990	76	0	0	0	0	0	0	0	0	0	0	1	0	0	0	0	0	1
GSM2457991	53.66666667	0	0	0	0	0	0	0	0	0	0	0	0	0	0	0	1	0
GSM2457992	53.66666667	0	0	0	0	0	0	0	0	0	0	0	0	0	0	0	1	1
GSM2457993	72	0	0	0	0	0	0	0	0	0	0	1	0	0	0	0	0	0
GSM2457994	72	0	0	0	0	0	0	0	0	0	0	1	0	0	0	0	0	1
GSM2457995	71	0	0	0	0	0	0	0	0	0	0	1	0	0	0	0	0	0
GSM2457996	71	0	0	0	0	0	0	0	0	0	0	1	0	0	0	0	0	1
GSM2457997	59	0	0	0	0	0	0	0	0	0	0	0	0	0	0	0	0	0
GSM2457998	59	0	0	0	0	0	0	0	0	0	0	0	0	0	0	0	0	1
GSM2457999	70	0	0	0	0	0	0	0	0	0	0	1	0	0	0	0	0	0
GSM2458000	65	1	0	0	0	0	0	0	0	0	0	0	0	0	0	0	0	0
GSM2458001	65	1	0	0	0	0	0	0	0	0	0	0	0	0	0	0	0	1
GSM2458002	58.83333333	0	0	0	0	0	0	0	0	1	0	0	0	0	0	0	0	1
GSM2458003	76	0	0	0	0	0	0	0	0	0	0	1	0	0	0	0	0	0
GSM2458004	76	0	0	0	0	0	0	0	0	0	0	1	0	0	0	0	0	1
GSM2458005	70.66666667	0	0	0	0	0	0	0	0	1	0	0	0	0	0	0	0	1
GSM2458006	74	0	0	0	0	0	0	0	0	0	1	0	0	0	0	0	0	0
GSM2458007	74	0	0	0	0	0	0	0	0	0	1	0	0	0	0	0	0	1
GSM2458008	54	1	0	0	0	0	0	0	0	0	0	0	0	0	0	0	0	0
GSM2458009	54	1	0	0	0	0	0	0	0	0	0	0	0	0	0	0	0	1
GSM2458010	74	0	0	0	0	0	0	0	0	0	1	0	0	0	0	0	0	0
GSM2458011	74	0	0	0	0	0	0	0	0	0	1	0	0	0	0	0	0	1
GSM2458012	67	1	0	0	0	0	0	0	0	0	0	0	0	0	0	0	0	1
GSM2458013	75.08333333	0	0	0	0	0	0	0	0	1	0	0	0	0	0	0	0	1
GSM2458014	80	0	0	0	0	0	0	0	1	0	0	0	0	0	0	0	0	0
GSM2458015	80	0	0	0	0	0	0	0	1	0	0	0	0	0	0	0	0	1
GSM2458016	62	0	0	0	0	0	0	0	1	0	0	0	0	0	0	0	0	1
GSM2458017	71	0	0	0	0	1	0	0	0	0	0	0	0	0	0	0	0	0
GSM2458018	71	0	0	0	0	0	1	0	0	0	0	0	0	0	0	0	0	1
GSM2458019	70	0	0	0	0	0	0	1	0	0	0	0	0	0	0	0	0	0
GSM2458020	70	0	0	0	0	0	0	1	0	0	0	0	0	0	0	0	0	1
GSM2458021	77	0	0	0	0	0	0	1	0	0	0	0	0	0	0	0	0	0
GSM2458022	77	0	0	0	0	0	0	1	0	0	0	0	0	0	0	0	0	1
GSM2458023	62.5	0	0	0	0	0	0	0	0	1	0	0	0	0	0	0	0	1
GSM2458024	72	0	0	0	1	0	0	0	0	0	0	0	0	0	0	0	0	1
GSM2458025	68	0	0	0	0	0	0	0	1	0	0	0	0	0	0	0	0	0
GSM2458026	68	0	0	0	0	0	0	0	1	0	0	0	0	0	0	0	0	1
GSM2458027	67	0	0	0	0	0	0	0	1	0	0	0	0	0	0	0	0	0
GSM2458028	67	0	0	0	0	0	0	0	0	0	1	0	0	0	0	0	0	1
GSM2458029	69	0	0	0	0	0	0	0	0	0	1	0	0	0	0	0	0	1
GSM2458030	69	1	0	0	0	0	0	0	0	0	0	0	0	0	0	0	0	0
GSM2458031	69	1	0	0	0	0	0	0	0	0	0	0	0	0	0	0	0	1
GSM2458032	69	0	0	0	0	0	0	0	0	0	0	0	0	0	0	0	0	0
GSM2458033	69	0	0	0	0	0	0	0	0	0	0	0	0	0	0	0	0	1
GSM2458034	66	0	0	0	0	0	0	0	1	0	0	0	0	0	0	0	0	0
GSM2458035	66	0	0	0	0	0	0	0	1	0	0	0	0	0	0	0	0	1
GSM2458036	66	0	0	0	0	0	0	0	1	0	0	0	0	0	0	0	0	0
GSM2458037	66	0	0	0	0	0	0	0	1	0	0	0	0	0	0	0	0	1
GSM2458038	71	0	0	1	0	0	0	0	0	0	0	0	0	0	0	0	0	0
GSM2458039	71	0	0	1	0	0	0	0	0	0	0	0	0	0	0	0	0	1
GSM2458040	62	0	0	0	0	0	0	0	0	0	0	0	0	0	0	0	0	0
GSM2458041	62	0	0	0	0	0	0	0	0	0	0	0	0	0	0	0	0	1
GSM2458042	71	0	0	1	0	0	0	0	0	0	0	0	0	0	0	0	0	0
GSM2458043	71	0	0	1	0	0	0	0	0	0	0	0	0	0	0	0	0	1
GSM2458044	66	0	0	0	0	0	0	0	0	0	0	0	0	0	0	0	0	0
GSM2458045	66	0	0	0	0	0	0	0	0	0	0	0	0	0	0	0	0	1
GSM2458046	55	0	0	0	0	0	1	0	0	0	0	0	0	0	0	0	0	0
GSM2458047	59	0	0	0	0	0	0	0	0	0	0	1	0	0	0	0	0	0
GSM2458048	59	0	0	0	0	0	0	0	0	0	0	1	0	0	0	0	0	1
GSM2458049	69	0	0	1	0	0	0	0	0	0	0	0	0	0	0	0	0	0
GSM2458050	69	0	0	1	0	0	0	0	0	0	0	0	0	0	0	0	0	1
GSM2458051	63	0	0	0	1	0	0	0	0	0	0	0	0	0	0	0	0	0
GSM2458052	63	0	0	0	1	0	0	0	0	0	0	0	0	0	0	0	0	1
GSM2458053	75	0	0	0	0	0	0	0	1	0	0	0	0	0	0	0	0	0
GSM2458054	75	0	0	0	0	0	0	0	1	0	0	0	0	0	0	0	0	1
GSM2458055	67	0	0	0	0	0	0	0	1	0	0	0	0	0	0	0	0	0
GSM2458056	67	0	0	0	0	0	0	0	1	0	0	0	0	0	0	0	0	1
GSM2458057	68	0	0	0	0	0	1	0	0	0	0	0	0	0	0	0	0	1
GSM2458058	67	0	0	0	1	0	0	0	0	0	0	0	0	0	0	0	0	0
GSM2458059	67	0	0	0	1	0	0	0	0	0	0	0	0	0	0	0	0	1
GSM2458060	77	0	0	1	0	0	0	0	0	0	0	0	0	0	0	0	0	0
GSM2458061	77	0	0	1	0	0	0	0	0	0	0	0	0	0	0	0	0	1
GSM2458062	65	0	0	0	1	0	0	0	0	0	0	0	0	0	0	0	0	1
GSM2458063	76	0	0	0	0	0	0	0	1	0	0	0	0	0	0	0	0	0
GSM2458064	76	0	0	0	0	0	0	0	1	0	0	0	0	0	0	0	0	1
GSM2458065	64	0	0	0	0	0	0	0	1	0	0	0	0	0	0	0	0	0
GSM2458067	64	0	0	0	0	0	0	0	1	0	0	0	0	0	0	0	0	1
GSM2458069	74	0	0	0	0	0	0	0	1	0	0	0	0	0	0	0	0	1
GSM2458070	72	0	0	0	0	0	0	0	0	0	1	0	0	0	0	0	0	0
GSM2458072	68	0	0	1	0	0	0	0	0	0	0	0	0	0	0	0	0	0
GSM2458074	68	0	0	1	0	0	0	0	0	0	0	0	0	0	0	0	0	1
GSM2458076	68	0	0	0	0	0	0	0	0	0	1	0	0	0	0	0	0	0
GSM2458078	68	0	0	0	0	0	0	0	0	0	1	0	0	0	0	0	0	1
GSM2458079	73	0	0	0	0	0	0	0	1	0	0	0	0	0	0	0	0	0
GSM2458081	73	0	0	0	0	0	0	0	1	0	0	0	0	0	0	0	0	1
GSM2458083	56	0	0	0	0	0	0	0	0	0	1	0	0	0	0	0	0	0
GSM2458084	73	0	0	0	0	0	0	0	0	0	1	0	0	0	0	0	0	1
GSM2458086	64	0	0	0	0	0	0	0	0	0	1	0	0	0	0	0	0	0
GSM2458088	66	0	0	0	0	0	0	0	0	0	1	0	0	0	0	0	0	1
GSM2458089	66	0	0	0	0	0	0	0	1	0	0	0	0	0	0	0	0	0
GSM2458091	66	0	0	0	0	0	0	0	1	0	0	0	0	0	0	0	0	1
GSM2458093	64	0	0	0	0	0	0	0	1	0	0	0	0	0	0	0	0	0
GSM2458095	64	0	0	0	0	0	0	0	1	0	0	0	0	0	0	0	0	1
GSM2458096	59	0	0	0	0	0	0	0	1	0	0	0	0	0	0	0	0	0
GSM2458098	59	0	0	0	0	0	0	0	1	0	0	0	0	0	0	0	0	1
GSM2458099	73	0	0	0	0	0	0	0	1	0	0	0	0	0	0	0	0	0
GSM2458101	73	0	0	0	0	0	0	0	1	0	0	0	0	0	0	0	0	1
GSM2458103	53	0	0	0	0	0	0	0	1	0	0	0	0	0	0	0	0	0
GSM2458104	53	0	0	0	0	0	0	0	1	0	0	0	0	0	0	0	0	1
GSM2458105	80	0	0	0	0	0	0	1	0	0	0	0	0	0	0	0	0	0
GSM2458106	80	0	0	0	0	0	0	1	0	0	0	0	0	0	0	0	0	1
GSM2458107	64	0	0	0	0	0	0	0	0	1	0	0	0	0	0	0	0	1
GSM2458108	59	0	0	0	0	0	0	0	0	0	1	0	0	0	0	0	0	0
GSM2458109	74	0	0	0	1	0	0	0	0	0	0	0	0	0	0	0	0	0
GSM2458110	62	0	0	0	0	0	0	0	0	0	1	0	0	0	0	0	0	1
GSM2458111	68	0	0	0	0	0	0	0	0	0	1	0	0	0	0	0	0	0
GSM2458112	68	0	0	0	0	0	0	0	0	0	1	0	0	0	0	0	0	1
GSM2458113	71	0	0	1	0	0	0	0	0	0	0	0	0	0	0	0	0	0
GSM2458114	71	0	0	1	0	0	0	0	0	0	0	0	0	0	0	0	0	1
GSM2458115	71	0	0	0	0	0	0	0	0	0	0	1	0	0	0	0	0	0
GSM2458116	71	0	0	0	0	0	0	0	0	0	0	1	0	0	0	0	0	1
GSM2458117	63.75	0	0	0	0	0	0	0	0	1	0	0	0	0	0	0	0	1
GSM2458118	72.91666667	0	0	0	0	0	0	0	0	1	0	0	0	0	0	0	0	1
GSM2458119	61	0	0	0	1	0	0	0	0	0	0	0	0	0	0	0	0	0
GSM2458120	61	0	0	0	1	0	0	0	0	0	0	0	0	0	0	0	0	1
GSM2458121	80	0	0	0	0	0	0	1	0	0	0	0	0	0	0	0	0	0
GSM2458122	80	0	0	0	0	0	0	1	0	0	0	0	0	0	0	0	0	1
GSM2458123	73	0	0	0	0	0	0	0	0	0	1	0	0	0	0	0	0	1
GSM2458124	68.58333333	0	0	0	0	0	0	0	0	1	0	0	0	0	0	0	0	1
GSM2458125	79	0	1	0	0	0	0	0	0	0	0	0	0	0	0	0	0	0
GSM2458126	79	0	0	1	0	0	0	0	0	0	0	0	0	0	0	0	0	1
GSM2458127	54.75	0	0	0	0	0	0	0	0	0	0	0	1	0	0	0	0	0
GSM2458128	54.75	0	0	0	0	0	0	0	0	0	0	0	1	0	0	0	0	1
GSM2458129	42	0	0	0	0	0	0	0	0	0	0	0	1	0	0	0	0	0
GSM2458130	42	0	0	0	0	0	0	0	0	0	0	0	1	0	0	0	0	1
GSM2458131	51.08333333	0	0	0	0	0	0	0	0	0	0	0	1	0	0	0	0	0
GSM2458133	51.08333333	0	0	0	0	0	0	0	0	0	0	0	1	0	0	0	0	1
GSM2458134	42.08333333	0	0	0	0	0	0	0	0	0	0	0	1	0	0	0	0	0
GSM2458136	42.08333333	0	0	0	0	0	0	0	0	0	0	0	1	0	0	0	0	1
GSM2458138	56.66666667	0	0	0	0	0	0	0	0	0	0	0	1	0	0	0	0	0
GSM2458139	56.66666667	0	0	0	0	0	0	0	0	0	0	0	1	0	0	0	0	1
GSM2458141	49.33333333	0	0	0	0	0	0	0	0	0	0	0	0	0	0	1	0	0
GSM2458143	49.33333333	0	0	0	0	0	0	0	0	0	0	0	0	0	0	1	0	1
GSM2458144	51.58333333	0	0	0	0	0	0	0	0	0	0	0	1	0	0	0	0	0
GSM2458146	51.58333333	0	0	0	0	0	0	0	0	0	0	0	1	0	0	0	0	1
GSM2458148	42.91666667	0	0	0	0	0	0	0	0	0	0	0	0	0	1	0	0	0
GSM2458150	42.91666667	0	0	0	0	0	0	0	0	0	0	0	0	0	1	0	0	1
GSM2458151	51.83333333	0	0	0	0	0	0	0	0	0	0	0	1	0	0	0	0	0
GSM2458153	51.83333333	0	0	0	0	0	0	0	0	0	0	0	1	0	0	0	0	1
GSM2458155	46.91666667	0	0	0	0	0	0	0	0	0	0	0	1	0	0	0	0	0
GSM2458156	46.91666667	0	0	0	0	0	0	0	0	0	0	0	1	0	0	0	0	1
GSM2458158	58.33333333	0	0	0	0	0	0	0	0	0	0	0	0	0	1	0	0	1
GSM2458159	53.66666667	0	0	0	0	0	0	0	0	0	0	0	0	0	1	0	0	0
GSM2458161	53.66666667	0	0	0	0	0	0	0	0	0	0	0	0	0	1	0	0	1
GSM2458163	51.08333333	0	0	0	0	0	0	0	0	0	0	0	1	0	0	0	0	1
GSM2458164	42.33333333	0	0	0	0	0	0	0	0	0	0	0	0	0	0	1	0	0
GSM2458165	49.83333333	0	0	0	0	0	0	0	0	0	0	0	1	0	0	0	0	0
GSM2458167	49.83333333	0	0	0	0	0	0	0	0	0	0	0	1	0	0	0	0	1
GSM2458168	48.66666667	0	0	0	0	0	0	0	0	0	0	0	0	0	0	0	1	0
GSM2458169	48.66666667	0	0	0	0	0	0	0	0	0	0	0	0	0	0	0	1	1
GSM2458170	50.08333333	0	0	0	0	0	0	0	0	0	0	0	0	0	0	1	0	0
GSM2458171	50.08333333	0	0	0	0	0	0	0	0	0	0	0	0	0	0	1	0	1
GSM2458172	52.16666667	0	0	0	0	0	0	0	0	0	0	0	0	0	1	0	0	0
GSM2458173	52.16666667	0	0	0	0	0	0	0	0	0	0	0	0	0	1	0	0	1
GSM2458174	57.08333333	0	0	0	0	0	0	0	0	0	0	0	0	0	1	0	0	0
GSM2458175	57.08333333	0	0	0	0	0	0	0	0	0	0	0	0	0	1	0	0	1
GSM2458176	49.33333333	0	0	0	0	0	0	0	0	0	0	0	0	0	1	0	0	0
GSM2458177	42.75	0	0	0	0	0	0	0	0	0	0	0	0	0	1	0	0	0
GSM2458178	42.75	0	0	0	0	0	0	0	0	0	0	0	0	0	1	0	0	1
GSM2458179	54.25	0	0	0	0	0	0	0	0	0	0	0	0	0	1	0	0	0
GSM2458180	54.25	0	0	0	0	0	0	0	0	0	0	0	0	0	1	0	0	1
GSM2458181	42.5	0	0	0	0	0	0	0	0	0	0	0	0	0	1	0	0	0
GSM2458182	42.5	0	0	0	0	0	0	0	0	0	0	0	0	0	1	0	0	1
GSM2458183	41.41666667	0	0	0	0	0	0	0	0	0	0	0	0	0	1	0	0	0
GSM2458184	41.41666667	0	0	0	0	0	0	0	0	0	0	0	0	0	1	0	0	1
GSM2458185	50.33333333	0	0	0	0	0	0	0	0	0	0	0	1	0	0	0	0	0
GSM2458186	50.33333333	0	0	0	0	0	0	0	0	0	0	0	1	0	0	0	0	1
GSM2458187	54.5	0	0	0	0	0	0	0	0	0	0	0	1	0	0	0	0	0
GSM2458188	54.5	0	0	0	0	0	0	0	0	0	0	0	1	0	0	0	0	1
GSM2458189	50.75	0	0	0	0	0	0	0	0	0	0	0	0	0	1	0	0	0
GSM2458190	50.75	0	0	0	0	0	0	0	0	0	0	0	0	0	1	0	0	1
GSM2458191	43.58333333	0	0	0	0	0	0	0	0	0	0	0	0	0	0	0	1	0
GSM2458192	43.58333333	0	0	0	0	0	0	0	0	0	0	0	0	0	0	0	1	1
GSM2458193	58.91666667	0	0	0	0	0	0	0	0	0	0	0	1	0	0	0	0	0
GSM2458194	58.91666667	0	0	0	0	0	0	0	0	0	0	0	1	0	0	0	0	1
GSM2458195	51	0	0	0	0	0	0	0	0	0	0	0	1	0	0	0	0	0
GSM2458196	51	0	0	0	0	0	0	0	0	0	0	0	1	0	0	0	0	1
GSM2458197	52.41666667	0	0	0	0	0	0	0	0	0	0	0	1	0	0	0	0	0
GSM2458198	52.41666667	0	0	0	0	0	0	0	0	0	0	0	1	0	0	0	0	1
GSM2458199	47.58333333	0	0	0	0	0	0	0	0	0	0	0	1	0	0	0	0	0
GSM2458200	48.08333333	0	0	0	0	0	0	0	0	0	0	0	1	0	0	0	0	0
GSM2458201	48.08333333	0	0	0	0	0	0	0	0	0	0	0	1	0	0	0	0	1
GSM2458202	44.83333333	0	0	0	0	0	0	0	0	0	0	0	0	0	0	0	1	0
GSM2458203	44.83333333	0	0	0	0	0	0	0	0	0	0	0	0	0	0	0	1	1
GSM2458205	53.41666667	0	0	0	0	0	0	0	0	0	0	0	1	0	0	0	0	0
GSM2458207	53.41666667	0	0	0	0	0	0	0	0	0	0	0	1	0	0	0	0	1
GSM2458209	50.66666667	0	0	0	0	0	0	0	0	0	0	0	0	0	0	1	0	0
GSM2458210	50.66666667	0	0	0	0	0	0	0	0	0	0	0	0	0	0	1	0	1
GSM2458212	53.83333333	0	0	0	0	0	0	0	0	0	0	0	0	0	1	0	0	0
GSM2458214	53.83333333	0	0	0	0	0	0	0	0	0	0	0	0	0	1	0	0	1
GSM2458216	45.66666667	0	0	0	0	0	0	0	0	0	0	0	0	0	1	0	0	0
GSM2458217	45.66666667	0	0	0	0	0	0	0	0	0	0	0	0	0	1	0	0	1
GSM2458218	54.41666667	0	0	0	0	0	0	0	0	0	0	0	1	0	0	0	0	0
GSM2458220	54.41666667	0	0	0	0	0	0	0	0	0	0	0	1	0	0	0	0	1
GSM2458222	51.41666667	0	0	0	0	0	0	0	0	0	0	0	1	0	0	0	0	0
GSM2458223	51.41666667	0	0	0	0	0	0	0	0	0	0	0	1	0	0	0	0	1
GSM2458225	51.16666667	0	0	0	0	0	0	0	0	0	0	0	0	0	0	1	0	0
GSM2458226	51.16666667	0	0	0	0	0	0	0	0	0	0	0	0	0	0	1	0	1
GSM2458228	53.75	0	0	0	0	0	0	0	0	0	0	0	1	0	0	0	0	0
GSM2458230	49.5	0	0	0	0	0	0	0	0	0	0	0	0	0	0	0	1	0
GSM2458231	49.5	0	0	0	0	0	0	0	0	0	0	0	0	0	0	0	1	1
GSM2458232	50.25	0	0	0	0	0	0	0	0	0	0	0	1	0	0	0	0	0
GSM2458234	49.83333333	0	0	0	0	0	0	0	0	0	0	0	1	0	0	0	0	0
GSM2458236	49.83333333	0	0	0	0	0	0	0	0	0	0	0	1	0	0	0	0	1
GSM2458237	52.58333333	0	0	0	0	0	0	0	0	0	0	0	1	0	0	0	0	0
GSM2458239	45.08333333	0	0	0	0	0	0	0	0	0	0	0	1	0	0	0	0	0
GSM2458240	45.08333333	0	0	0	0	0	0	0	0	0	0	0	1	0	0	0	0	1
GSM2458242	49.83333333	0	0	0	0	0	0	0	0	0	0	0	1	0	0	0	0	0
GSM2458243	41.25	0	0	0	0	0	0	0	0	0	0	0	1	0	0	0	0	0
GSM2458244	56.83333333	0	0	0	0	0	0	0	0	0	0	0	1	0	0	0	0	0
GSM2458245	50.5	0	0	0	0	0	0	0	0	0	0	0	0	0	0	1	0	0
GSM2458246	50.5	0	0	0	0	0	0	0	0	0	0	0	0	0	0	1	0	1
GSM2458247	38.83333333	0	0	0	0	0	0	0	0	0	0	0	0	0	0	0	1	0
GSM2458248	38.83333333	0	0	0	0	0	0	0	0	0	0	0	0	0	0	0	1	1
GSM2458249	51.58333333	0	0	0	0	0	0	0	0	0	0	0	1	0	0	0	0	0
GSM2458250	51.91666667	0	0	0	0	0	0	0	0	0	0	0	1	0	0	0	0	0
GSM2458251	51.91666667	0	0	0	0	0	0	0	0	0	0	0	1	0	0	0	0	1
GSM2458252	53.66666667	0	0	0	0	0	0	0	0	0	0	0	1	0	0	0	0	1
GSM2458253	52.16666667	0	0	0	0	0	0	0	0	0	0	0	1	0	0	0	0	0
GSM2458254	52.16666667	0	0	0	0	0	0	0	0	0	0	0	1	0	0	0	0	1
GSM2458255	50.83333333	0	0	0	0	0	0	0	0	0	0	0	0	0	0	0	1	0
GSM2458256	50.83333333	0	0	0	0	0	0	0	0	0	0	0	0	0	0	0	1	1
GSM2458257	51.5	0	0	0	0	0	0	0	0	0	0	0	1	0	0	0	0	0
GSM2458258	51.5	0	0	0	0	0	0	0	0	0	0	0	1	0	0	0	0	1
GSM2458259	50.08333333	0	0	0	0	0	0	0	0	0	0	0	1	0	0	0	0	0
GSM2458260	46	0	0	0	0	0	0	0	0	0	0	0	0	0	1	0	0	0
GSM2458261	46	0	0	0	0	0	0	0	0	0	0	0	0	0	1	0	0	1
GSM2458262	55.58333333	0	0	0	0	0	0	0	0	0	0	0	0	0	0	0	1	0
GSM2458263	55.58333333	0	0	0	0	0	0	0	0	0	0	0	0	0	0	0	1	1
GSM2458264	52.08333333	0	0	0	0	0	0	0	0	0	0	0	0	0	1	0	0	0
GSM2458265	52.08333333	0	0	0	0	0	0	0	0	0	0	0	0	0	1	0	0	1
GSM2458266	50.41666667	0	0	0	0	0	0	0	0	0	0	0	0	0	1	0	0	0
GSM2458267	50.41666667	0	0	0	0	0	0	0	0	0	0	0	0	0	1	0	0	1
GSM2458268	54.75	0	0	0	0	0	0	0	0	0	0	0	0	0	1	0	0	1
GSM2458269	42.83333333	0	0	0	0	0	0	0	0	0	0	0	0	0	1	0	0	0
GSM2458270	42.83333333	0	0	0	0	0	0	0	0	0	0	0	0	0	1	0	0	1
GSM2458271	50.16666667	0	0	0	0	0	0	0	0	0	0	0	0	0	1	0	0	1
GSM2458272	46.16666667	0	0	0	0	0	0	0	0	0	0	0	1	0	0	0	0	0
GSM2458273	48.58333333	0	0	0	0	0	0	0	0	0	0	0	1	0	0	0	0	0
GSM2458274	48.58333333	0	0	0	0	0	0	0	0	0	0	0	1	0	0	0	0	1
GSM2458275	42.25	0	0	0	0	0	0	0	0	0	0	0	1	0	0	0	0	0
GSM2458276	42.25	0	0	0	0	0	0	0	0	0	0	0	1	0	0	0	0	1
GSM2458277	49.16666667	0	0	0	0	0	0	0	0	0	0	0	1	0	0	0	0	0
GSM2458278	49.16666667	0	0	0	0	0	0	0	0	0	0	0	1	0	0	0	0	1
GSM2458279	54	0	0	0	0	0	0	0	0	0	0	0	0	0	1	0	0	0
GSM2458280	54	0	0	0	0	0	0	0	0	0	0	0	0	0	1	0	0	1
GSM2458281	58.41666667	0	0	0	0	0	0	0	0	0	0	0	1	0	0	0	0	0
GSM2458282	44.66666667	0	0	0	0	0	0	0	0	0	0	0	0	0	0	1	0	0
GSM2458283	44.66666667	0	0	0	0	0	0	0	0	0	0	0	0	0	0	1	0	1
GSM2458284	48.25	0	0	0	0	0	0	0	0	0	0	0	1	0	0	0	0	0
GSM2458285	48.25	0	0	0	0	0	0	0	0	0	0	0	1	0	0	0	0	1
GSM2458286	49.66666667	0	0	0	0	0	0	0	0	0	0	0	0	0	0	0	1	1
GSM2458287	44.33333333	0	0	0	0	0	0	0	0	0	0	0	0	0	1	0	0	1
GSM2458288	48.75	0	0	0	0	0	0	0	0	0	0	0	1	0	0	0	0	0
GSM2458289	48.75	0	0	0	0	0	0	0	0	0	0	0	1	0	0	0	0	1
GSM2458290	50.91666667	0	0	0	0	0	0	0	0	0	0	0	0	0	0	0	1	0
GSM2458291	50.91666667	0	0	0	0	0	0	0	0	0	0	0	0	0	0	0	1	1
GSM2458292	51.91666667	0	0	0	0	0	0	0	0	0	0	0	0	1	0	0	0	0
GSM2458293	41.83333333	0	0	0	0	0	0	0	0	0	0	0	0	0	0	0	1	0
GSM2458294	41.83333333	0	0	0	0	0	0	0	0	0	0	0	0	0	0	0	1	1
GSM2458295	42.91666667	0	0	0	0	0	0	0	0	0	0	0	0	1	0	0	0	0
GSM2458296	58.66666667	0	0	0	0	0	0	0	0	0	0	0	0	0	1	0	0	0
GSM2458297	58.66666667	0	0	0	0	0	0	0	0	0	0	0	0	0	1	0	0	1
GSM2458298	50.41666667	0	0	0	0	0	0	0	0	0	0	0	0	1	0	0	0	0
GSM2458299	50.41666667	0	0	0	0	0	0	0	0	0	0	0	0	1	0	0	0	1
GSM2458300	48.08333333	0	0	0	0	0	0	0	0	0	0	0	0	1	0	0	0	0
GSM2458301	48.08333333	0	0	0	0	0	0	0	0	0	0	0	0	1	0	0	0	1
GSM2458302	49.08333333	0	0	0	0	0	0	0	0	0	0	0	0	0	0	0	1	0
GSM2458303	49.08333333	0	0	0	0	0	0	0	0	0	0	0	0	0	0	0	1	1
GSM2458304	50.91666667	0	0	0	0	0	0	0	0	0	0	0	0	1	0	0	0	0
GSM2458305	50.91666667	0	0	0	0	0	0	0	0	0	0	0	0	1	0	0	0	1
GSM2458306	39.5	0	0	0	0	0	0	0	0	0	0	0	0	1	0	0	0	1
GSM2458307	48.5	0	0	0	0	0	0	0	0	0	0	0	0	1	0	0	0	0
GSM2458308	48.5	0	0	0	0	0	0	0	0	0	0	0	0	1	0	0	0	1
GSM2458309	49.66666667	0	0	0	0	0	0	0	0	0	0	0	0	1	0	0	0	0
GSM2458310	49.66666667	0	0	0	0	0	0	0	0	0	0	0	0	1	0	0	0	1
GSM2458311	56.5	0	0	0	0	0	0	0	0	0	0	0	0	1	0	0	0	1
GSM2458312	39.91666667	0	0	0	0	0	0	0	0	0	0	0	0	0	1	0	0	1
GSM2458313	52.08333333	0	0	0	0	0	0	0	0	0	0	0	0	1	0	0	0	0
GSM2458314	52.08333333	0	0	0	0	0	0	0	0	0	0	0	0	1	0	0	0	1
GSM2458315	55.25	0	0	0	0	0	0	0	0	0	0	0	0	0	1	0	0	0
GSM2458316	55.25	0	0	0	0	0	0	0	0	0	0	0	0	0	1	0	0	1
GSM2458317	53.33333333	0	0	0	0	0	0	0	0	0	0	0	0	1	0	0	0	0
GSM2458318	53.33333333	0	0	0	0	0	0	0	0	0	0	0	0	1	0	0	0	1
GSM2458319	53.33333333	0	0	0	0	0	0	0	0	0	0	0	0	1	0	0	0	0
GSM2458320	53.33333333	0	0	0	0	0	0	0	0	0	0	0	0	1	0	0	0	1
GSM2458321	55.91666667	0	0	0	0	0	0	0	0	0	0	0	0	0	0	0	1	0
GSM2458322	55.91666667	0	0	0	0	0	0	0	0	0	0	0	0	0	0	0	1	1
GSM2458323	54.33333333	0	0	0	0	0	0	0	0	0	0	0	0	1	0	0	0	1
GSM2458324	46.08333333	0	0	0	0	0	0	0	0	0	0	0	0	0	1	0	0	0
GSM2458325	46.08333333	0	0	0	0	0	0	0	0	0	0	0	0	0	1	0	0	1
GSM2458326	54.91666667	0	0	0	0	0	0	0	0	0	0	0	0	0	1	0	0	0
GSM2458327	54.91666667	0	0	0	0	0	0	0	0	0	0	0	0	0	1	0	0	1
GSM2458328	56.91666667	0	0	0	0	0	0	0	0	0	0	0	0	0	1	0	0	0
GSM2458329	56.91666667	0	0	0	0	0	0	0	0	0	0	0	0	0	1	0	0	1
GSM2458330	46.25	0	0	0	0	0	0	0	0	0	0	0	0	0	1	0	0	0
GSM2458331	54.33333333	0	0	0	0	0	0	0	0	0	0	0	0	0	1	0	0	0
GSM2458332	54.33333333	0	0	0	0	0	0	0	0	0	0	0	0	0	1	0	0	1
GSM2458333	58.75	0	0	0	0	0	0	0	0	0	0	0	0	0	1	0	0	0
GSM2458334	58.75	0	0	0	0	0	0	0	0	0	0	0	0	0	1	0	0	1
GSM2458335	47.75	0	0	0	0	0	0	0	0	0	0	0	0	0	0	0	1	0
GSM2458336	47.75	0	0	0	0	0	0	0	0	0	0	0	0	0	0	0	1	1
GSM2458337	57.75	0	0	0	0	0	0	0	0	0	0	0	0	1	0	0	0	0
GSM2458338	57.75	0	0	0	0	0	0	0	0	0	0	0	0	1	0	0	0	1
GSM2458339	49.08333333	0	0	0	0	0	0	0	0	0	0	0	0	0	0	0	1	0
GSM2458340	49.08333333	0	0	0	0	0	0	0	0	0	0	0	0	0	0	0	1	1
GSM2458341	50.08333333	0	0	0	0	0	0	0	0	0	0	0	0	0	0	0	1	0
GSM2458342	50.08333333	0	0	0	0	0	0	0	0	0	0	0	0	0	0	0	1	1
GSM2458343	47.41666667	0	0	0	0	0	0	0	0	0	0	0	0	0	0	1	0	0
GSM2458344	47.41666667	0	0	0	0	0	0	0	0	0	0	0	0	0	0	1	0	1
GSM2458345	48.66666667	0	0	0	0	0	0	0	0	0	0	0	0	1	0	0	0	0
GSM2458346	48.66666667	0	0	0	0	0	0	0	0	0	0	0	0	1	0	0	0	1
GSM2458347	49.66666667	0	0	0	0	0	0	0	0	0	0	0	0	0	0	1	0	0
GSM2458348	49.66666667	0	0	0	0	0	0	0	0	0	0	0	0	0	0	1	0	1
GSM2458349	50.41666667	0	0	0	0	0	0	0	0	0	0	0	0	0	1	0	0	0
GSM2458350	50.41666667	0	0	0	0	0	0	0	0	0	0	0	0	0	1	0	0	1
GSM2458351	44.08333333	0	0	0	0	0	0	0	0	0	0	0	0	1	0	0	0	0
GSM2458352	44.08333333	0	0	0	0	0	0	0	0	0	0	0	0	1	0	0	0	1
GSM2458353	45	0	0	0	0	0	0	0	0	0	0	0	0	1	0	0	0	0
GSM2458354	45	0	0	0	0	0	0	0	0	0	0	0	0	1	0	0	0	1
GSM2458355	53.25	0	0	0	0	0	0	0	0	0	0	0	0	1	0	0	0	0
GSM2458356	53.25	0	0	0	0	0	0	0	0	0	0	0	0	1	0	0	0	1
GSM2458357	52.58333333	0	0	0	0	0	0	0	0	0	0	0	0	1	0	0	0	0
GSM2458358	52.58333333	0	0	0	0	0	0	0	0	0	0	0	0	1	0	0	0	1
GSM2458359	40.83333333	0	0	0	0	0	0	0	0	0	0	0	0	0	0	1	0	0
GSM2458360	40.83333333	0	0	0	0	0	0	0	0	0	0	0	0	0	0	1	0	1
GSM2458361	55.75	0	0	0	0	0	0	0	0	0	0	0	0	0	1	0	0	0
GSM2458362	55.75	0	0	0	0	0	0	0	0	0	0	0	0	0	1	0	0	1
GSM2458363	46.91666667	0	0	0	0	0	0	0	0	0	0	0	0	1	0	0	0	0
GSM2458364	46.91666667	0	0	0	0	0	0	0	0	0	0	0	0	1	0	0	0	1
GSM2458365	54.5	0	0	0	0	0	0	0	0	0	0	0	0	0	1	0	0	0
GSM2458366	54.5	0	0	0	0	0	0	0	0	0	0	0	0	0	1	0	0	1
GSM2458367	48.16666667	0	0	0	0	0	0	0	0	0	0	0	0	1	0	0	0	0
GSM2458368	48.16666667	0	0	0	0	0	0	0	0	0	0	0	0	1	0	0	0	1
GSM2458369	55	0	0	0	0	0	0	0	0	0	0	0	0	1	0	0	0	0
GSM2458370	55	0	0	0	0	0	0	0	0	0	0	0	0	1	0	0	0	1
GSM2458371	52.5	0	0	0	0	0	0	0	0	0	0	0	0	1	0	0	0	0
GSM2458372	52.5	0	0	0	0	0	0	0	0	0	0	0	0	1	0	0	0	1
GSM2458373	41.5	0	0	0	0	0	0	0	0	0	0	0	0	0	1	0	0	0
GSM2458374	41.5	0	0	0	0	0	0	0	0	0	0	0	0	0	1	0	0	1
GSM2458375	52.33333333	0	0	0	0	0	0	0	0	0	0	0	0	0	0	1	0	0
GSM2458376	52.33333333	0	0	0	0	0	0	0	0	0	0	0	0	0	0	1	0	1
GSM2458377	47.25	0	0	0	0	0	0	0	0	0	0	0	0	1	0	0	0	0
GSM2458378	47.25	0	0	0	0	0	0	0	0	0	0	0	0	1	0	0	0	1
GSM2458379	40.91666667	0	0	0	0	0	0	0	0	0	0	0	0	1	0	0	0	0
GSM2458380	40.91666667	0	0	0	0	0	0	0	0	0	0	0	0	1	0	0	0	1
GSM2458381	52.33333333	0	0	0	0	0	0	0	0	0	0	0	0	0	0	1	0	1
GSM2458382	53.33333333	0	0	0	0	0	0	0	0	0	0	0	0	0	1	0	0	1
GSM2458383	52.5	0	0	0	0	0	0	0	0	0	0	0	0	0	0	1	0	0
GSM2458384	52.5	0	0	0	0	0	0	0	0	0	0	0	0	0	0	1	0	1
GSM2458385	50.33333333	0	0	0	0	0	0	0	0	0	0	0	0	0	0	1	0	0
GSM2458386	50.41666667	0	0	0	0	0	0	0	0	0	0	0	0	0	0	1	0	0
GSM2458387	50.41666667	0	0	0	0	0	0	0	0	0	0	0	0	0	0	1	0	1
GSM2458388	55.58333333	0	0	0	0	0	0	0	0	0	0	0	0	1	0	0	0	0
GSM2458389	55.58333333	0	0	0	0	0	0	0	0	0	0	0	0	1	0	0	0	1
GSM2458390	48.5	0	0	0	0	0	0	0	0	0	0	0	0	0	0	0	1	0
GSM2458391	48.5	0	0	0	0	0	0	0	0	0	0	0	0	0	0	0	1	1
GSM2458392	50.25	0	0	0	0	0	0	0	0	0	0	0	0	0	0	1	0	0
GSM2458393	50.25	0	0	0	0	0	0	0	0	0	0	0	0	0	0	1	0	1
GSM2458394	52.83333333	0	0	0	0	0	0	0	0	0	0	0	0	0	1	0	0	0
GSM2458395	52.83333333	0	0	0	0	0	0	0	0	0	0	0	0	0	1	0	0	1
GSM2458396	52.5	0	0	0	0	0	0	0	0	0	0	0	0	0	0	1	0	0
GSM2458397	52.5	0	0	0	0	0	0	0	0	0	0	0	0	0	0	1	0	1
GSM2458398	53.16666667	0	0	0	0	0	0	0	0	0	0	0	0	1	0	0	0	1
GSM2458399	54.41666667	0	0	0	0	0	0	0	0	0	0	0	0	0	1	0	0	0
GSM2458400	54.41666667	0	0	0	0	0	0	0	0	0	0	0	0	0	1	0	0	1
GSM2458401	57.16666667	0	0	0	0	0	0	0	0	0	0	0	0	0	1	0	0	0
GSM2458402	57.16666667	0	0	0	0	0	0	0	0	0	0	0	0	0	1	0	0	1
GSM2458403	52.08333333	0	0	0	0	0	0	0	0	0	0	0	0	0	0	0	1	0
GSM2458404	52.08333333	0	0	0	0	0	0	0	0	0	0	0	0	0	0	0	1	1
GSM2458405	48.91666667	0	0	0	0	0	0	0	0	0	0	0	0	0	0	0	1	0
GSM2458406	48.66666667	0	0	0	0	0	0	0	0	0	0	0	0	1	0	0	0	0
GSM2458407	48.66666667	0	0	0	0	0	0	0	0	0	0	0	0	1	0	0	0	1
GSM2458408	50.75	0	0	0	0	0	0	0	0	0	0	0	0	0	0	1	0	0
GSM2458409	46.16666667	0	0	0	0	0	0	0	0	0	0	0	0	1	0	0	0	0
GSM2458410	46.16666667	0	0	0	0	0	0	0	0	0	0	0	0	1	0	0	0	1
GSM2458411	56.41666667	0	0	0	0	0	0	0	0	0	0	0	0	1	0	0	0	0
GSM2458412	56.41666667	0	0	0	0	0	0	0	0	0	0	0	0	1	0	0	0	1
GSM2458413	52.83333333	0	0	0	0	0	0	0	0	0	0	0	0	0	0	1	0	0
GSM2458414	52.83333333	0	0	0	0	0	0	0	0	0	0	0	0	0	0	1	0	1
GSM2458415	56.83333333	0	0	0	0	0	0	0	0	0	0	0	0	0	0	1	0	0
GSM2458416	56.83333333	0	0	0	0	0	0	0	0	0	0	0	0	0	0	1	0	1
GSM2458417	53.75	0	0	0	0	0	0	0	0	0	0	0	0	0	1	0	0	0
GSM2458418	53.75	0	0	0	0	0	0	0	0	0	0	0	0	0	1	0	0	1
GSM2458419	59.41666667	0	0	0	0	0	0	0	0	0	0	0	0	0	1	0	0	0
GSM2458420	59.41666667	0	0	0	0	0	0	0	0	0	0	0	0	0	1	0	0	1
GSM2458421	50.91666667	0	0	0	0	0	0	0	0	0	0	0	0	0	1	0	0	0
GSM2458422	50.91666667	0	0	0	0	0	0	0	0	0	0	0	0	0	1	0	0	1
GSM2458423	49.25	0	0	0	0	0	0	0	0	0	0	0	0	1	0	0	0	0
GSM2458424	49.25	0	0	0	0	0	0	0	0	0	0	0	0	1	0	0	0	1
GSM2458425	51.75	0	0	0	0	0	0	0	0	0	0	0	0	0	1	0	0	0
GSM2458426	50.91666667	0	0	0	0	0	0	0	0	0	0	0	0	0	0	1	0	0
GSM2458427	50.91666667	0	0	0	0	0	0	0	0	0	0	0	0	0	1	0	0	1
GSM2458428	51.16666667	0	0	0	0	0	0	0	0	0	0	0	0	0	0	1	0	0
GSM2458429	51.16666667	0	0	0	0	0	0	0	0	0	0	0	0	0	0	1	0	1
GSM2458430	50.08333333	0	0	0	0	0	0	0	0	0	0	0	0	0	0	1	0	0
GSM2458431	50.08333333	0	0	0	0	0	0	0	0	0	0	0	0	0	0	1	0	1
GSM2458432	45.91666667	0	0	0	0	0	0	0	0	0	0	0	0	0	0	1	0	0
GSM2458433	45.91666667	0	0	0	0	0	0	0	0	0	0	0	0	0	0	1	0	1
GSM2458434	57.41666667	0	0	0	0	0	0	0	0	0	0	0	0	0	0	1	0	0
GSM2458435	52.83333333	0	0	0	0	0	0	0	0	0	0	0	0	0	0	1	0	0
GSM2458436	52.83333333	0	0	0	0	0	0	0	0	0	0	0	0	0	0	1	0	1
GSM2458437	38.08333333	0	0	0	0	0	0	0	0	0	0	0	0	1	0	0	0	0
GSM2458438	38.08333333	0	0	0	0	0	0	0	0	0	0	0	0	1	0	0	0	1
GSM2458439	46.25	0	0	0	0	0	0	0	0	0	0	0	0	1	0	0	0	0
GSM2458440	41	0	0	0	0	0	0	0	0	0	0	0	0	0	1	0	0	0
GSM2458441	41	0	0	0	0	0	0	0	0	0	0	0	0	0	1	0	0	1
GSM2458442	44.91666667	0	0	0	0	0	0	0	0	0	0	0	0	1	0	0	0	0
GSM2458443	44.91666667	0	0	0	0	0	0	0	0	0	0	0	0	1	0	0	0	1
GSM2458444	39.58333333	0	0	0	0	0	0	0	0	0	0	0	0	1	0	0	0	0
GSM2458445	39.58333333	0	0	0	0	0	0	0	0	0	0	0	0	1	0	0	0	1
GSM2458446	47.5	0	0	0	0	0	0	0	0	0	0	0	0	1	0	0	0	0
GSM2458447	47.5	0	0	0	0	0	0	0	0	0	0	0	0	1	0	0	0	1
GSM2458448	47.91666667	0	0	0	0	0	0	0	0	0	0	0	0	0	0	1	0	0
GSM2458449	47.91666667	0	0	0	0	0	0	0	0	0	0	0	0	0	0	1	0	1
GSM2458450	42.41666667	0	0	0	0	0	0	0	0	0	0	0	0	1	0	0	0	0
GSM2458451	42.41666667	0	0	0	0	0	0	0	0	0	0	0	0	1	0	0	0	1
GSM2458452	53.41666667	0	0	0	0	0	0	0	0	0	0	0	0	0	0	1	0	0
GSM2458453	53.41666667	0	0	0	0	0	0	0	0	0	0	0	0	0	0	1	0	1
GSM2458454	54.83333333	0	0	0	0	0	0	0	0	0	0	0	0	1	0	0	0	0
GSM2458455	54.83333333	0	0	0	0	0	0	0	0	0	0	0	0	1	0	0	0	1
GSM2458456	49.75	0	0	0	0	0	0	0	0	0	0	0	0	1	0	0	0	0
GSM2458457	54.75	0	0	0	0	0	0	0	0	0	0	0	0	0	0	1	0	0
GSM2458458	54.75	0	0	0	0	0	0	0	0	0	0	0	0	0	0	1	0	1
GSM2458459	52.75	0	0	0	0	0	0	0	0	0	0	0	0	0	0	1	0	0
GSM2458460	52.75	0	0	0	0	0	0	0	0	0	0	0	0	0	0	1	0	1
GSM2458461	49.33333333	0	0	0	0	0	0	0	0	0	0	0	0	1	0	0	0	0
GSM2458462	49.33333333	0	0	0	0	0	0	0	0	0	0	0	0	1	0	0	0	1
GSM2458463	48.58333333	0	0	0	0	0	0	0	0	0	0	0	0	0	0	1	0	0
GSM2458464	49.58333333	0	0	0	0	0	0	0	0	0	0	0	0	0	0	1	0	0
GSM2458465	49.58333333	0	0	0	0	0	0	0	0	0	0	0	0	0	0	1	0	1
GSM2458466	48.33333333	0	0	0	0	0	0	0	0	0	0	0	0	0	0	1	0	0
GSM2458467	48.33333333	0	0	0	0	0	0	0	0	0	0	0	0	0	0	1	0	1
GSM2458468	51	0	0	0	0	0	0	0	0	0	0	0	0	0	0	1	0	0
GSM2458469	51	0	0	0	0	0	0	0	0	0	0	0	0	0	0	1	0	1
GSM2458470	53.91666667	0	0	0	0	0	0	0	0	0	0	0	0	0	0	0	1	0
GSM2458471	53.58333333	0	0	0	0	0	0	0	0	0	0	0	0	0	0	1	0	0
GSM2458472	53.58333333	0	0	0	0	0	0	0	0	0	0	0	0	0	0	1	0	1
GSM2458473	45.33333333	0	0	0	0	0	0	0	0	0	0	0	0	0	0	1	0	0
GSM2458474	45.33333333	0	0	0	0	0	0	0	0	0	0	0	0	0	0	1	0	1
GSM2458475	44.91666667	0	0	0	0	0	0	0	0	0	0	0	0	1	0	0	0	0
GSM2458476	44.75	0	0	0	0	0	0	0	0	0	0	0	0	1	0	0	0	0
GSM2458477	50.08333333	0	0	0	0	0	0	0	0	0	0	0	0	0	0	1	0	0
GSM2458478	50.08333333	0	0	0	0	0	0	0	0	0	0	0	0	0	0	1	0	1
GSM2458479	48.75	0	0	0	0	0	0	0	0	0	0	0	0	0	0	1	0	0
GSM2458480	48.75	0	0	0	0	0	0	0	0	0	0	0	0	0	0	1	0	1
GSM2458481	51.66666667	0	0	0	0	0	0	0	0	0	0	0	0	0	0	1	0	0
GSM2458482	51.66666667	0	0	0	0	0	0	0	0	0	0	0	0	0	0	1	0	1
GSM2458483	54.41666667	0	0	0	0	0	0	0	0	0	0	0	0	0	0	1	0	0
GSM2458484	54.41666667	0	0	0	0	0	0	0	0	0	0	0	0	0	0	1	0	1
GSM2458485	57.75	0	0	0	0	0	0	0	0	0	0	0	0	0	0	1	0	0
GSM2458486	57.75	0	0	0	0	0	0	0	0	0	0	0	0	0	0	1	0	1
GSM2458487	43.66666667	0	0	0	0	0	0	0	0	0	0	0	0	0	0	1	0	0
GSM2458488	43.66666667	0	0	0	0	0	0	0	0	0	0	0	0	0	0	1	0	1
GSM2458489	50.83333333	0	0	0	0	0	0	0	0	0	0	0	0	0	0	1	0	0
GSM2458490	50.83333333	0	0	0	0	0	0	0	0	0	0	0	0	0	0	1	0	1
GSM2458491	50.83333333	0	0	0	0	0	0	0	0	0	0	0	0	0	0	0	1	0
GSM2458492	50.83333333	0	0	0	0	0	0	0	0	0	0	0	0	0	0	0	1	1
GSM2458493	44.83333333	0	0	0	0	0	0	0	0	0	0	0	0	0	0	1	0	0
GSM2458494	44.83333333	0	0	0	0	0	0	0	0	0	0	0	0	0	0	1	0	1
